version 3
run Default-0-20251105-13:01:45-486380
attr configname Default
attr datetime 20251105-13:01:45
attr datetimef 20251105-130145
attr experiment Default
attr inifile omnetpp.ini
attr iterationvars ""
attr iterationvarsd ""
attr iterationvarsf ""
attr measurement ""
attr network fourWay
attr processid 486380
attr repetition 0
attr replication #0
attr resultdir results
attr runnumber 0
attr seedset 0
config image-path ../../../../mnt/c/Users/yashm/src/veins-veins-5.3.1/images
config cmdenv-express-mode true
config cmdenv-autoflush true
config cmdenv-status-frequency 1s
config **.cmdenv-log-level info
config image-path ../../images
config network fourWay
config debug-on-errors true
config print-undisposed true
config sim-time-limit 200s
config **.scalar-recording true
config **.vector-recording true
config *.playgroundSizeX 2500m
config *.playgroundSizeY 2500m
config *.playgroundSizeZ 50m
config *.annotations.draw true
config *.obstacles.debug false
config *.manager.updateInterval 1s
config *.manager.host "\"localhost\""
config *.manager.port 9999
config *.manager.autoShutdown true
config *.manager.launchConfig "xmldoc(\"osm.launchd.xml\")"
config *.manager.trafficLightModuleType "\"org.car2x.veins.nodes.TrafficLight\""
config *.tls[*].mobility.x 0
config *.tls[*].mobility.y 0
config *.tls[*].mobility.z 3
config *.tls[*].applType "\"org.car2x.veins.modules.application.traci.TraCIDemoTrafficLightApp\""
config *.tls[*].logicType "\"org.car2x.veins.modules.world.traci.trafficLight.logics.TraCITrafficLightSimpleLogic\""
config *.rsu[0].mobility.x 2000
config *.rsu[0].mobility.y 2000
config *.rsu[0].mobility.z 3
config *.rsu[*].applType "\"TraCIDemoRSU11p\""
config *.rsu[*].appl.headerLength "80 bit"
config *.rsu[*].appl.sendBeacons false
config *.rsu[*].appl.dataOnSch false
config *.rsu[*].appl.beaconInterval 1s
config *.rsu[*].appl.beaconUserPriority 7
config *.rsu[*].appl.dataUserPriority 5
config *.rsu[*].nic.phy80211p.antennaOffsetZ "0 m"
config *.connectionManager.sendDirect true
config *.connectionManager.maxInterfDist 2600m
config *.connectionManager.drawMaxIntfDist false
config *.**.nic.mac1609_4.useServiceChannel false
config *.**.nic.mac1609_4.txPower 20mW
config *.**.nic.mac1609_4.bitrate 6Mbps
config *.**.nic.phy80211p.minPowerLevel -110dBm
config *.**.nic.phy80211p.useNoiseFloor true
config *.**.nic.phy80211p.noiseFloor -98dBm
config *.**.nic.phy80211p.decider "xmldoc(\"config.xml\")"
config *.**.nic.phy80211p.analogueModels "xmldoc(\"config.xml\")"
config *.**.nic.phy80211p.usePropagationDelay true
config *.**.nic.phy80211p.antenna "xmldoc(\"antenna.xml\", \"/root/Antenna[@id='monopole']\")"
config *.node[*].nic.phy80211p.antennaOffsetY "0 m"
config *.node[*].nic.phy80211p.antennaOffsetZ "1.895 m"
config *.node[*].applType "\"src.IntersectionApp\""
config *.node[*].appl.headerLength "80 bit"
config *.node[*].appl.sendBeacons false
config *.node[*].appl.dataOnSch false
config *.node[*].appl.beaconInterval 1s
config *.node[*].veinsmobility.x 0
config *.node[*].veinsmobility.y 0
config *.node[*].veinsmobility.z 0
config *.node[*].veinsmobility.setHostSpeed false
config *.node[*0].veinsmobility.accidentCount 0
config *.node[*0].veinsmobility.accidentStart 73s
config *.node[*0].veinsmobility.accidentDuration 50s

vector 0 fourWay.rsu[0].nic.phy80211p RadioState ETV
vector 1 fourWay.rsu[0].nic.phy80211p RadioChannel ETV
vector 2 fourWay.node[0].nic.phy80211p RadioState ETV
vector 3 fourWay.node[0].nic.phy80211p RadioChannel ETV
vector 4 fourWay.manager posx ETV
vector 5 fourWay.manager posy ETV
vector 6 fourWay.node[1].nic.phy80211p RadioState ETV
vector 7 fourWay.node[1].nic.phy80211p RadioChannel ETV
vector 8 fourWay.manager posx ETV
vector 9 fourWay.manager posy ETV
vector 10 fourWay.node[2].nic.phy80211p RadioState ETV
vector 11 fourWay.node[2].nic.phy80211p RadioChannel ETV
vector 12 fourWay.manager posx ETV
vector 13 fourWay.manager posy ETV
vector 14 fourWay.node[3].nic.phy80211p RadioState ETV
vector 15 fourWay.node[3].nic.phy80211p RadioChannel ETV
vector 16 fourWay.manager posx ETV
vector 17 fourWay.manager posy ETV
4	12	11	138.62347301101
5	12	11	92.610225476481
8	12	11	119.46167683391
9	12	11	71.919578239986
12	12	11	132.66499171601
13	12	11	106.51094422532
16	12	11	117.9183309338
17	12	11	101.6417550932
vector 18 fourWay.manager speed ETV
vector 19 fourWay.manager speed ETV
vector 20 fourWay.manager speed ETV
vector 21 fourWay.manager speed ETV
4	13	12	138.62347301101
5	13	12	92.610225476481
8	13	12	121.84007504734
9	13	12	80.45672888934
12	13	12	132.66140164851
13	13	12	106.4986056657
16	13	12	117.9183309338
17	13	12	101.6417550932
18	13	12	0
19	13	12	9.3977317016709
20	13	12	0
21	13	12	0
vector 22 fourWay.manager acceleration ETV
vector 23 fourWay.manager co2emission ETV
vector 24 fourWay.manager acceleration ETV
vector 25 fourWay.manager co2emission ETV
vector 26 fourWay.manager acceleration ETV
vector 27 fourWay.manager co2emission ETV
vector 28 fourWay.manager acceleration ETV
vector 29 fourWay.manager co2emission ETV
4	14	13	138.62347301101
5	14	13	92.610225476481
8	14	13	123.26267326078
9	14	13	85.563079538694
12	14	13	132.66140164851
13	14	13	106.4986056657
16	14	13	117.9183309338
17	14	13	101.6417550932
18	14	13	0
19	14	13	4.8977317016709
20	14	13	0
21	14	13	0
22	14	13	0
23	14	13	0.973
24	14	13	-4.5
25	14	13	0.973
26	14	13	0
27	14	13	0.973
28	14	13	0
29	14	13	0.973
4	19	14	138.60528227382
5	19	14	92.614939842216
8	19	14	123.75753849967
9	19	14	87.33937548092
12	19	14	132.266386706
13	19	14	105.1409945834
16	19	14	117.95587180381
17	19	14	101.63069041572
18	19	14	0.035398027926085
19	19	14	0.68218836881438
20	19	14	2.3111775277991
21	19	14	0.078997888261938
22	19	14	0.035398027926085
23	19	14	1.1120095828764
24	19	14	-4.2155433328565
25	19	14	0.973
26	19	14	2.3111775277991
27	19	14	2.5099431615517
28	19	14	0.078997888261938
29	19	14	1.1153149042628
4	20	15	138.39438560509
5	20	15	92.670864037639
8	20	15	123.75855652368
9	20	15	87.343029631121
12	20	15	131.31881098645
13	20	15	101.88430943124
16	20	15	118.34405727283
17	20	15	101.52155628564
18	20	15	0.2846828012897
19	20	15	0.00021318226648789
20	20	15	4.0465656990528
21	20	15	0.66447723770775
22	20	15	0.24928477336362
23	20	15	1.1408382978037
24	20	15	-0.6819751865479
25	20	15	0.973
26	20	15	1.7353881712537
27	20	15	3.003716773534
28	20	15	0.58547934944581
29	20	15	1.2358395705817
4	21	16	137.76185436251
5	21	16	92.845396356098
8	21	16	123.75916330885
9	21	16	87.345207658508
12	21	16	129.88582599099
13	21	16	96.959340521939
16	21	16	119.79068757786
17	21	16	101.12206271412
18	21	16	1.0024569293206
19	21	16	0.0064650513238954
20	21	16	5.9070568020286
21	21	16	2.3154325833433
22	21	16	0.71777412803094
23	21	16	1.3318601569778
24	21	16	0.0062518690574076
25	21	16	1.1103216149965
26	21	16	1.8604911029758
27	21	16	4.0625936780572
28	21	16	1.6509553456356
29	21	16	2.1441080868089
4	22	17	135.95805481237
5	22	17	93.343112984668
8	22	17	123.76622805519
9	22	17	87.370566239538
12	22	17	127.88158069974
13	22	17	90.071029913458
16	22	17	123.21103305306
17	22	17	100.1775186762
18	22	17	2.5360088350198
19	22	17	0.067118046458665
20	22	17	8.0752966144977
21	22	17	4.395184078415
22	22	17	1.5335519056991
23	22	17	2.1711171447425
24	22	17	0.06065299513477
25	22	17	1.1142188919339
26	22	17	2.1682398124691
27	22	17	5.767910709224
28	22	17	2.0797514950717
29	22	17	3.5328217201752
4	23	18	132.29504714719
5	23	18	94.353834949532
8	23	18	123.82028899319
9	23	18	87.558536384444
12	23	18	125.68553143008
13	23	18	82.344299257511
16	23	18	128.56422827489
17	23	18	98.699209345389
18	23	18	4.5836669963731
19	23	18	0.34178685097565
20	23	18	9.8735922337619
21	23	18	6.3228058407112
22	23	18	2.0476581613533
23	23	18	3.6019861813698
24	23	18	0.27466880451699
25	23	18	1.1491161288647
26	23	18	1.7982956192642
27	23	18	5.9543305200056
28	23	18	1.9276217622962
29	23	18	4.3756657098996
4	24	19	126.8570694112
5	24	19	95.854318717135
8	24	19	124.03786316885
9	24	19	88.306679667617
12	24	19	123.34418848789
13	24	19	73.94015679459
16	24	19	135.66160691703
17	24	19	96.739235790114
18	24	19	6.4321402694976
19	24	19	1.1585998309181
20	24	19	11.931894389518
21	24	19	8.0668769256054
22	24	19	1.8484732731245
23	24	19	4.3102727816892
24	24	19	0.81681297994248
25	24	19	1.3941071388428
26	24	19	2.0583021557564
27	24	19	7.7613487402743
28	24	19	1.7440710848942
29	24	19	4.9383190887712
4	25	20	119.39108422981
5	25	20	97.914384079245
8	25	20	124.69781555927
9	25	20	90.575969883841
12	25	20	120.56309915929
13	25	20	63.957564967233
16	25	20	147.53510744374
17	25	20	93.601376688498
18	25	20	8.4475905974668
19	25	20	3.207579621326
20	25	20	13.840873010706
21	25	20	9.9279569129069
22	25	20	2.0154503279692
23	25	20	5.6763945242238
24	25	20	2.0489797904079
25	25	20	2.8516983357852
26	25	20	1.9089786211873
27	25	20	8.3903109421201
28	25	20	1.8610799873015
29	25	20	6.1322112770129
4	26	21	106.83163709625
5	26	21	101.57388981074
8	26	21	125.92792844041
9	26	21	94.805794893207
12	26	21	118.1837029401
13	26	21	55.416832022277
16	26	21	164.54321153963
17	26	21	89.195143559277
18	26	21	10.338791781314
19	26	21	5.2160172667614
20	26	21	9.4024304104889
21	26	21	11.742588266053
22	26	21	1.8912011838471
23	26	21	6.4230422432764
24	26	21	2.0084376454353
25	26	21	3.8994572329082
26	26	21	-4.4384426002167
27	26	21	0.973
28	26	21	1.8146313531464
29	26	21	6.9613802315373
4	27	22	90.042076649546
5	27	22	106.52197039687
8	27	22	127.66657957084
9	27	22	100.78426251749
12	27	22	116.69978512091
13	27	22	50.09037747732
16	27	22	184.31665084917
17	27	22	84.072504206111
18	27	22	12.552636230154
19	27	22	6.9249565553179
20	27	22	6.3224304104889
21	27	22	13.726925199472
22	27	22	2.2138444488402
23	27	22	8.5955453214561
24	27	22	1.7089392885566
25	27	22	4.326811288084
26	27	22	-3.08
27	27	22	0.973
28	27	22	1.9843369334191
29	27	22	8.5756904333242
4	28	23	70.44527254116
5	28	23	112.29737864932
8	28	23	129.91281801429
9	28	23	108.53918222756
12	28	23	114.26212747683
13	28	23	47.337156839241
16	28	23	201.70900047092
17	28	23	79.566725862661
18	28	23	14.517763254181
19	28	23	8.9194180358088
20	28	23	3.8281512201893
21	28	23	9.5547459651225
22	28	23	1.9651270240266
23	28	23	8.9685507445273
24	28	23	1.9944614804909
25	28	23	5.8930781718911
26	28	23	-2.4942791902996
27	28	23	0.973
28	28	23	-4.1721792343499
29	28	23	0.973
4	29	24	49.55221113268
5	29	24	118.45480914718
8	29	24	132.5838828695
9	29	24	118.02810323252
16	29	24	212.67147280787
17	29	24	76.726714505903
18	29	24	13.516950809823
19	29	24	9.9372353612207
21	29	24	6.405845
22	29	24	-1.0008124443574
23	29	24	0.973
24	29	24	1.0178173254119
25	29	24	4.1175665368749
28	29	24	-3.1489009651225
29	29	24	0.973
4	30	25	37.832909020337
5	30	25	121.72313757988
8	30	25	134.58196799599
9	30	25	125.12627304653
16	30	25	217.26958002054
17	30	25	74.278787273279
18	30	25	9.1122107866481
19	30	25	5.6109955096608
21	30	25	3.6860822003021
22	30	25	-4.4047400231753
23	30	25	0.973
24	30	25	-4.3262398515599
25	30	25	0.973
28	30	25	-2.7197627996979
29	30	25	0.973
4	31	26	31.63465906389
5	31	26	123.38431527476
8	31	26	136.89179589945
9	31	26	127.94104057805
18	31	26	4.6122107866481
19	31	26	3.8082715311161
22	31	26	-4.5
23	31	26	0.973
24	31	26	-1.8027239785447
25	31	26	0.973
4	32	27	30.952081374275
5	32	27	126.09431101733
18	32	27	3.5364341388391
22	32	27	-1.075776647809
23	32	27	0.973
4	33	28	34.802308597015
5	33	28	125.85617188863
18	33	28	4.7039781264802
22	33	28	1.1675439876411
23	33	28	2.6701317642595
4	34	29	40.344481737365
5	34	29	124.35327946944
18	34	29	6.433449383283
22	34	29	1.7294712568028
23	34	29	4.1264261120632

