version 3
run EightVehiclesAmbulanceBFT-0-20260422-15:28:08-1627039
attr configname EightVehiclesAmbulanceBFT
attr datetime 20260422-15:28:08
attr datetimef 20260422-152808
attr experiment EightVehiclesAmbulanceBFT
attr inifile /home/yash/DistributedSystemsforAVs/fourway/random_scenario.ini
attr iterationvars ""
attr iterationvarsd ""
attr iterationvarsf ""
attr measurement ""
attr network fourWay
attr processid 1627039
attr repetition 0
attr replication #0
attr resultdir results
attr runnumber 0
attr seedset 0
config extends EightVehiclesBFTOverV2V
config description "8 vehicles; veh7 auto-issues Emergency_CA cert and signs ARRIVAL_ANNOUNCE"
config *.manager.intersectionBatchSize 8
config extends BFTOverV2V
config description "BFT test on 8-vehicle routes"
config *.manager.launchConfig "xmldoc(\"bft_8veh.launchd.xml\")"
config *.node[*].appl.intersectionX 300m
config *.node[*].appl.intersectionY 300m
config *.node[*].appl.stopDistance 100m
config *.node[0].appl.replicaId 0
config *.node[1].appl.replicaId 1
config *.node[2].appl.replicaId 2
config *.node[3].appl.replicaId 3
config *.node[4].appl.replicaId 4
config *.node[5].appl.replicaId 5
config *.node[6].appl.replicaId 6
config *.node[7].appl.replicaId 7
config *.node[*].appl.consensusTimeoutSec 400s
config extends WithChannelSwitching
config *.node[*].applType "\"org.car2x.veins.modules.bftsmart.V2VProxyModule\""
config *.node[0].appl.replicaId 0
config *.node[1].appl.replicaId 1
config *.node[2].appl.replicaId 2
config *.node[3].appl.replicaId 3
config *.node[*].appl.intersectionX 104m
config *.node[*].appl.intersectionY 82m
config *.node[*].appl.stopDistance 50m
config *.node[*].appl.intersectionWidth 15m
config *.node[*].appl.avgSpeed 14mps
config *.node[*].appl.safetyGap 1.5s
config *.node[*].appl.stopSignTimeoutSec 10.0s
config *.node[*].appl.gatewayHost "\"\""
config *.node[*].appl.gatewayPort 0
config *.node[*].appl.carId "\"\""
config *.node[*].appl.direction "\"\""
config *.connectionManager.pMax 20mW
config *.connectionManager.sat -89dBm
config *.connectionManager.alpha 2.0
config *.connectionManager.carrierFrequency "5.890e9 Hz"
config *.node[*].nic.phy80211p.collectCollisionStatistics true
config *.node[*].nic.phy80211p.ccaThreshold -90dBm
config *.node[*].nic.mac1609_4.cwMin 3
config *.node[*].nic.mac1609_4.cwMax 7
config *.**.nic.mac1609_4.useServiceChannel false
config *.node[*].appl.dataOnSch false
config *.rsu[*].appl.dataOnSch false
config *.node[*].nic.mac1609_4.useServiceChannel false
config *.node[0].appl.gatewayHost "\"127.0.0.1\""
config *.node[0].appl.gatewayPort 9001
config *.node[0].appl.carId "\"CAR_0\""
config *.node[0].appl.direction "\"straight\""
config *.node[0].appl.stopDistance 50m
config *.node[0].appl.intersectionX 104m
config *.node[0].appl.intersectionY 82m
config *.node[1].appl.gatewayHost "\"127.0.0.1\""
config *.node[1].appl.gatewayPort 9002
config *.node[1].appl.carId "\"CAR_1\""
config *.node[1].appl.direction "\"right\""
config *.node[1].appl.stopDistance 50m
config *.node[1].appl.intersectionX 104m
config *.node[1].appl.intersectionY 82m
config *.node[2].appl.gatewayHost "\"127.0.0.1\""
config *.node[2].appl.gatewayPort 9003
config *.node[2].appl.carId "\"CAR_2\""
config *.node[2].appl.direction "\"left\""
config *.node[2].appl.stopDistance 50m
config *.node[2].appl.intersectionX 104m
config *.node[2].appl.intersectionY 82m
config *.node[3].appl.gatewayHost "\"127.0.0.1\""
config *.node[3].appl.gatewayPort 9004
config *.node[3].appl.carId "\"CAR_3\""
config *.node[3].appl.direction "\"right\""
config *.node[3].appl.stopDistance 50m
config *.node[3].appl.intersectionX 104m
config *.node[3].appl.intersectionY 82m
config scheduler-class omnetpp::cRealTimeScheduler
config realtimescheduler-scaling 0.1
config cmdenv-express-mode false
config cmdenv-autoflush false
config cmdenv-status-frequency 1s
config **.cmdenv-log-level info
config image-path ../../images
config network fourWay
config debug-on-errors true
config print-undisposed true
config sim-time-limit 50000s
config **.scalar-recording true
config **.vector-recording true
config *.playgroundSizeX 2500m
config *.playgroundSizeY 2500m
config *.playgroundSizeZ 50m
config *.annotations.draw true
config *.obstacles.debug false
config *.manager.updateInterval 0.1s
config *.manager.host "\"localhost\""
config *.manager.port 9999
config *.manager.autoShutdown true
config *.manager.shutdownOnIntersectionBatchCleared true
config *.manager.intersectionDepartureMinMeters 20m
config *.manager.launchConfig "xmldoc(\"osm.launchd.xml\")"
config *.manager.trafficLightModuleType "\"org.car2x.veins.nodes.TrafficLight\""
config *.tls[*].mobility.x 0
config *.tls[*].mobility.y 0
config *.tls[*].mobility.z 5
config *.tls[*].applType "\"org.car2x.veins.modules.application.traci.TraCIDemoTrafficLightApp\""
config *.tls[*].logicType "\"org.car2x.veins.modules.world.traci.trafficLight.logics.TraCITrafficLightSimpleLogic\""
config *.rsu[0].mobility.x 2000
config *.rsu[0].mobility.y 2000
config *.rsu[0].mobility.z 3
config *.rsu[*].applType "\"TraCIDemoRSU11p\""
config *.rsu[*].appl.headerLength "80 bit"
config *.rsu[*].appl.sendBeacons false
config *.rsu[*].appl.dataOnSch false
config *.rsu[*].appl.beaconInterval 1s
config *.rsu[*].appl.beaconUserPriority 7
config *.rsu[*].appl.dataUserPriority 5
config *.rsu[*].nic.phy80211p.antennaOffsetZ "1.5 m"
config *.connectionManager.sendDirect true
config *.connectionManager.maxInterfDist 2600m
config *.connectionManager.drawMaxIntfDist false
config *.connectionManagerName "\"connectionManager\""
config *.**.nic.mac1609_4.useServiceChannel false
config *.**.nic.phy80211p.txPower 20mW
config *.**.nic.mac1609_4.txPower 20mW
config *.**.nic.mac1609_4.bitrate 6Mbps
config *.**.nic.phy80211p.minPowerLevel -110dBm
config *.**.nic.mac1609_4.queueSize 1024
config *.**.nic.phy80211p.useNoiseFloor true
config *.**.nic.phy80211p.noiseFloor -98dBm
config *.**.nic.phy80211p.decider "xmldoc(\"config.xml\")"
config *.**.nic.phy80211p.analogueModels "xmldoc(\"config.xml\")"
config *.**.nic.phy80211p.usePropagationDelay true
config *.**.nic.phy80211p.antenna "xmldoc(\"antenna.xml\", \"/root/Antenna[@id='monopole']\")"
config *.node[*].nic.phy80211p.antennaOffsetY "1.895 m"
config *.node[*].nic.phy80211p.antennaOffsetZ "1.895 m"
config *.node[*].applType "\"src.IntersectionApp\""
config *.node[*].appl.headerLength "80 bit"
config *.node[*].appl.sendBeacons false
config *.node[*].appl.dataOnSch false
config *.node[*].appl.beaconInterval 1s
config *.node[*].nic.phy80211p.connectionManagerName "\"connectionManager\""
config *.node[*].veinsmobility.x 0
config *.node[*].veinsmobility.y 0
config *.node[*].veinsmobility.z 0
config *.node[*].veinsmobility.setHostSpeed false
config *.node[0].veinsmobility.accidentCount 0
config *.node[0].veinsmobility.accidentStart 73s
config *.node[0].veinsmobility.accidentDuration 50s
config *.node[*].appl.ambulanceReplicaId 5

vector 0 fourWay.tls[0].nic.phy80211p RadioState ETV
vector 1 fourWay.tls[0].nic.phy80211p RadioChannel ETV
vector 2 fourWay.node[0].appl bftMsgSent:vector ETV
attr recordingmode vector
attr source bftMsgSent
attr title "BFT messages sent"
vector 3 fourWay.node[0].appl bftMsgReceived:vector ETV
attr recordingmode vector
attr source bftMsgReceived
attr title "BFT messages received"
vector 4 fourWay.node[0].nic.phy80211p RadioState ETV
vector 5 fourWay.node[0].nic.phy80211p RadioChannel ETV
vector 6 fourWay.manager posx ETV
vector 7 fourWay.manager posy ETV
vector 8 fourWay.node[1].appl bftMsgSent:vector ETV
attr recordingmode vector
attr source bftMsgSent
attr title "BFT messages sent"
vector 9 fourWay.node[1].appl bftMsgReceived:vector ETV
attr recordingmode vector
attr source bftMsgReceived
attr title "BFT messages received"
vector 10 fourWay.node[1].nic.phy80211p RadioState ETV
vector 11 fourWay.node[1].nic.phy80211p RadioChannel ETV
vector 12 fourWay.manager posx ETV
vector 13 fourWay.manager posy ETV
vector 14 fourWay.node[2].appl bftMsgSent:vector ETV
attr recordingmode vector
attr source bftMsgSent
attr title "BFT messages sent"
vector 15 fourWay.node[2].appl bftMsgReceived:vector ETV
attr recordingmode vector
attr source bftMsgReceived
attr title "BFT messages received"
vector 16 fourWay.node[2].nic.phy80211p RadioState ETV
vector 17 fourWay.node[2].nic.phy80211p RadioChannel ETV
vector 18 fourWay.manager posx ETV
vector 19 fourWay.manager posy ETV
vector 20 fourWay.node[3].appl bftMsgSent:vector ETV
attr recordingmode vector
attr source bftMsgSent
attr title "BFT messages sent"
vector 21 fourWay.node[3].appl bftMsgReceived:vector ETV
attr recordingmode vector
attr source bftMsgReceived
attr title "BFT messages received"
vector 22 fourWay.node[3].nic.phy80211p RadioState ETV
vector 23 fourWay.node[3].nic.phy80211p RadioChannel ETV
vector 24 fourWay.manager posx ETV
vector 25 fourWay.manager posy ETV
vector 26 fourWay.node[4].appl bftMsgSent:vector ETV
attr recordingmode vector
attr source bftMsgSent
attr title "BFT messages sent"
vector 27 fourWay.node[4].appl bftMsgReceived:vector ETV
attr recordingmode vector
attr source bftMsgReceived
attr title "BFT messages received"
vector 28 fourWay.node[4].nic.phy80211p RadioState ETV
vector 29 fourWay.node[4].nic.phy80211p RadioChannel ETV
vector 30 fourWay.manager posx ETV
vector 31 fourWay.manager posy ETV
vector 32 fourWay.node[5].appl bftMsgSent:vector ETV
attr recordingmode vector
attr source bftMsgSent
attr title "BFT messages sent"
vector 33 fourWay.node[5].appl bftMsgReceived:vector ETV
attr recordingmode vector
attr source bftMsgReceived
attr title "BFT messages received"
vector 34 fourWay.node[5].nic.phy80211p RadioState ETV
vector 35 fourWay.node[5].nic.phy80211p RadioChannel ETV
vector 36 fourWay.manager posx ETV
vector 37 fourWay.manager posy ETV
vector 38 fourWay.node[6].appl bftMsgSent:vector ETV
attr recordingmode vector
attr source bftMsgSent
attr title "BFT messages sent"
vector 39 fourWay.node[6].appl bftMsgReceived:vector ETV
attr recordingmode vector
attr source bftMsgReceived
attr title "BFT messages received"
vector 40 fourWay.node[6].nic.phy80211p RadioState ETV
vector 41 fourWay.node[6].nic.phy80211p RadioChannel ETV
vector 42 fourWay.manager posx ETV
vector 43 fourWay.manager posy ETV
vector 44 fourWay.node[7].appl bftMsgSent:vector ETV
attr recordingmode vector
attr source bftMsgSent
attr title "BFT messages sent"
vector 45 fourWay.node[7].appl bftMsgReceived:vector ETV
attr recordingmode vector
attr source bftMsgReceived
attr title "BFT messages received"
vector 46 fourWay.node[7].nic.phy80211p RadioState ETV
vector 47 fourWay.node[7].nic.phy80211p RadioChannel ETV
vector 48 fourWay.manager posx ETV
vector 49 fourWay.manager posy ETV
vector 50 fourWay.manager speed ETV
vector 51 fourWay.manager speed ETV
vector 52 fourWay.manager speed ETV
vector 53 fourWay.manager speed ETV
vector 54 fourWay.manager speed ETV
vector 55 fourWay.manager speed ETV
vector 56 fourWay.manager speed ETV
vector 57 fourWay.manager speed ETV
vector 58 fourWay.manager acceleration ETV
vector 59 fourWay.manager co2emission ETV
vector 60 fourWay.manager acceleration ETV
vector 61 fourWay.manager co2emission ETV
vector 62 fourWay.manager acceleration ETV
vector 63 fourWay.manager co2emission ETV
vector 64 fourWay.manager acceleration ETV
vector 65 fourWay.manager co2emission ETV
vector 66 fourWay.manager acceleration ETV
vector 67 fourWay.manager co2emission ETV
vector 68 fourWay.manager acceleration ETV
vector 69 fourWay.manager co2emission ETV
vector 70 fourWay.manager acceleration ETV
vector 71 fourWay.manager co2emission ETV
vector 72 fourWay.manager acceleration ETV
vector 73 fourWay.manager co2emission ETV
2	1041	0.6	1
2	1200	0.625620071688	2
2	1460	0.650621364539	3
2	1681	0.676155657231	4
2	1799	0.678834020265	5
2	2075	0.701191170622	6
2	2463	0.726784641293	7
2	3008	0.750476319834	8
2	3505	0.775369193135	9
2	5548	0.9	10
2	5548	0.9	11
2	5640	0.90299371047	12
2	5640	0.90299371047	14
2	6456	0.965185512876	16
2	6456	0.965185512876	18
2	7107	1	20
2	7368	1.01507079616	21
2	9180	2.9	23
3	6153	0.951111275901	1
3	6241	0.956363457433	2
3	6279	0.957819530945	3
3	6370	0.961966785341	4
3	6424	0.963435786221	5
3	6476	0.965411824257	6
3	6550	0.967257985361	7
3	6824	0.981912311587	8
3	6881	0.983355473186	9
3	6938	0.984798566927	10
3	6993	0.986241628564	11
3	7051	0.987710628564	12
3	7212	1.007315702956	13
3	7301	1.012469884488	14
3	7337	1.013696958	15
3	7548	1.020750286788	16
3	7623	1.022706403668	17
3	7686	1.026443474542	18
3	7750	1.028230474542	19
3	7819	1.029457619513	20
3	8060	1.034831810292	21
3	8109	1.036287897423	22
3	8169	1.037514991164	23
3	8222	1.039315052801	24
3	8285	1.04110215598	25
3	8340	1.042915308119	26
3	8400	1.044865308119	27
6	2	0.1	323.4
6	179	0.2	323.4
6	386	0.3	323.4
6	601	0.4	323.4
6	822	0.5	323.4
6	1056	0.6	323.4
6	2015	0.7	323.4
6	4024	0.8	323.4
6	5539	0.9	323.4
6	7098	1	323.4
6	8559	1.1	323.4
6	8593	1.2	323.4
6	8623	1.3	323.4
6	8653	1.4	323.4
6	8683	1.5	323.4
6	8713	1.6	323.4
6	8743	1.7	323.4
6	8773	1.8	323.4
6	8803	1.9	323.4
6	8945	2	323.4
6	8971	2.1	323.4
6	8997	2.2	323.4
6	9023	2.3	323.4
6	9049	2.4	323.4
6	9075	2.5	323.4
6	9101	2.6	323.4
6	9127	2.7	323.4
6	9153	2.8	323.4
6	9179	2.9	323.4
6	9317	3	323.4
6	9339	3.1	323.4
6	9361	3.2	323.4
6	9383	3.3	323.4
6	9405	3.4	323.4
6	9427	3.5	323.4
6	9449	3.6	323.4
6	9471	3.7	323.4
6	9605	3.8	323.4
6	9623	3.9	323.4
6	9641	4	323.4
6	9659	4.1	323.4
6	9677	4.2	323.4
6	9695	4.3	323.4
6	9713	4.4	323.4
6	9731	4.5	323.4
6	9749	4.6	323.4
6	9767	4.7	323.4
6	9785	4.8	323.4
6	9803	4.9	323.4
6	9821	5	323.4
6	9839	5.1	323.4
6	9857	5.2	323.4
6	9875	5.3	323.4
7	2	0.1	305
7	179	0.2	305
7	386	0.3	306.95971383703
7	601	0.4	306.95971383703
7	822	0.5	308.73942767407
7	1056	0.6	308.73942767407
7	2015	0.7	310.3391415111
7	4024	0.8	310.3391415111
7	5539	0.9	311.76308823803
7	7098	1	311.76308823803
7	8559	1.1	313.00703496496
7	8593	1.2	313.00703496496
7	8623	1.3	314.07912217947
7	8653	1.4	314.07912217947
7	8683	1.5	314.98141275543
7	8713	1.6	314.98141275543
7	8743	1.7	315.70370333138
7	8773	1.8	315.70370333138
7	8803	1.9	316.24599390734
7	8945	2	316.24599390734
7	8971	2.1	316.6082844833
7	8997	2.2	316.6082844833
7	9023	2.3	316.79057505925
7	9049	2.4	316.79057505925
7	9075	2.5	316.7986685639
7	9101	2.6	316.7986685639
7	9127	2.7	316.79899736317
7	9153	2.8	316.79899736317
7	9179	2.9	316.79899736317
7	9317	3	316.79899736317
7	9339	3.1	322.79899736317
7	9361	3.2	322.79899736317
7	9383	3.3	328.79899736317
7	9405	3.4	328.79899736317
7	9427	3.5	334.79899736317
7	9449	3.6	334.79899736317
7	9471	3.7	340.79899736317
7	9605	3.8	340.79899736317
7	9623	3.9	346.79899736317
7	9641	4	346.79899736317
7	9659	4.1	352.79899736317
7	9677	4.2	352.79899736317
7	9695	4.3	358.79899736317
7	9713	4.4	358.79899736317
7	9731	4.5	364.79899736317
7	9749	4.6	364.79899736317
7	9767	4.7	370.79899736317
7	9785	4.8	370.79899736317
7	9803	4.9	376.79899736317
7	9821	5	376.79899736317
7	9839	5.1	382.79899736317
7	9857	5.2	382.79899736317
7	9875	5.3	388.79899736317
8	1043	0.6	1
8	1097	0.600892035844	2
8	1464	0.650621399776	3
8	1685	0.676155692705	4
8	2079	0.701191195076	5
8	2155	0.703596375892	6
8	2471	0.726784659341	7
8	3020	0.750476352879	8
8	3517	0.775369219751	9
8	6094	0.944227869568	10
8	6135	0.95	12
8	7108	1	13
8	7181	1.005167129661	14
8	7329	1.013470945712	16
8	9473	3.7	18
9	5590	0.901306706184	1
9	5671	0.911821706184	2
9	5858	0.92336405812	3
9	5916	0.92460405812	4
9	6249	0.956363493749	5
9	6374	0.961966822051	6
9	6432	0.963435822537	7
9	6480	0.965411848927	8
9	6554	0.967258022071	9
9	6606	0.977799022557	10
9	6751	0.980469219599	11
9	6836	0.981912345523	12
9	6889	0.983355490887	13
9	6950	0.984798600863	14
9	7005	0.986241655524	15
9	7063	0.987710655524	16
9	7148	1.00247366576	17
9	7309	1.012469920804	18
9	7402	1.017162995196	19
9	7627	1.022706428338	20
9	7694	1.026443492243	21
9	7758	1.028230492243	22
9	7823	1.029457656223	23
9	8064	1.034831847002	24
9	8117	1.036287915124	25
9	8181	1.0375150251	26
9	8234	1.039315079761	27
9	8289	1.04110218065	28
9	8352	1.042915335079	29
9	8412	1.044865335079	30
12	2	0.1	323.4
12	179	0.2	323.4
12	386	0.3	323.4
12	601	0.4	323.4
12	822	0.5	323.4
12	1056	0.6	323.4
12	2015	0.7	323.4
12	4024	0.8	323.4
12	5539	0.9	323.4
12	7098	1	323.4
12	8559	1.1	323.4
12	8593	1.2	323.4
12	8623	1.3	323.4
12	8653	1.4	323.4
12	8683	1.5	323.4
12	8713	1.6	323.4
12	8743	1.7	323.4
12	8773	1.8	323.4
12	8803	1.9	323.4
12	8945	2	323.4
12	8971	2.1	323.4
12	8997	2.2	323.4
12	9023	2.3	323.4
12	9049	2.4	323.4
12	9075	2.5	323.4
12	9101	2.6	323.4
12	9127	2.7	323.4
12	9153	2.8	323.4
12	9179	2.9	323.4
12	9317	3	323.4
12	9339	3.1	323.4
12	9361	3.2	323.4
12	9383	3.3	323.4
12	9405	3.4	323.4
12	9427	3.5	323.4
12	9449	3.6	323.4
12	9471	3.7	323.4
12	9605	3.8	323.4
12	9623	3.9	323.4
12	9641	4	323.4
12	9659	4.1	323.4
12	9677	4.2	323.4
12	9695	4.3	323.4
12	9713	4.4	323.4
12	9731	4.5	323.4
12	9749	4.6	323.4
12	9767	4.7	323.4
12	9785	4.8	323.4
12	9803	4.9	323.4
12	9821	5	323.4
12	9839	5.1	323.4
12	9857	5.2	323.4
12	9875	5.3	323.4
13	2	0.1	295
13	179	0.2	295
13	386	0.3	296.51963009586
13	601	0.4	296.51963009586
13	822	0.5	297.99376763898
13	1056	0.6	297.99376763898
13	2015	0.7	299.33773207216
13	4024	0.8	299.33773207216
13	5539	0.9	300.61185843251
13	7098	1	300.61185843251
13	8559	1.1	301.7417064841
13	8593	1.2	301.7417064841
13	8623	1.3	302.77463363668
13	8653	1.4	302.77463363668
13	8683	1.5	303.69680207734
13	8713	1.6	303.69680207734
13	8743	1.7	304.52828110292
13	8773	1.8	304.52828110292
13	8803	1.9	305.31173169814
13	8945	2	305.31173169814
13	8971	2.1	305.96424424679
13	8997	2.2	305.96424424679
13	9023	2.3	306.56618029166
13	9049	2.4	306.56618029166
13	9075	2.5	307.05406088261
13	9101	2.6	307.05406088261
13	9127	2.7	307.50141373033
13	9153	2.8	307.50141373033
13	9179	2.9	307.9022979048
13	9317	3	307.9022979048
13	9339	3.1	308.22244803063
13	9361	3.2	308.22244803063
13	9383	3.3	308.60489712352
13	9405	3.4	308.60489712352
13	9427	3.5	309.04444511252
13	9449	3.6	309.04444511252
13	9471	3.7	309.5422004357
13	9605	3.8	309.5422004357
13	9623	3.9	315.5422004357
13	9641	4	315.5422004357
13	9659	4.1	321.5422004357
13	9677	4.2	321.5422004357
13	9695	4.3	327.5422004357
13	9713	4.4	327.5422004357
13	9731	4.5	333.5422004357
13	9749	4.6	333.5422004357
13	9767	4.7	339.5422004357
13	9785	4.8	339.5422004357
13	9803	4.9	345.5422004357
13	9821	5	345.5422004357
13	9839	5.1	351.5422004357
13	9857	5.2	351.5422004357
13	9875	5.3	357.5422004357
14	1045	0.6	1
14	1121	0.600892110885	2
14	1224	0.625620181966	3
14	1657	0.676155546952	4
14	2071	0.70119117049	5
14	2459	0.726784632678	6
14	2600	0.728981814092	7
14	3004	0.750476319784	8
14	3509	0.775369201645	9
14	6095	0.944634190937	10
14	6136	0.95	12
14	7109	1	13
14	7203	1.005588611678	14
14	7394	1.017135355371	16
14	9182	2.9	18
15	5610	0.901306760194	1
15	5691	0.911821760194	2
15	5878	0.92336411213	3
15	5936	0.92460411213	4
15	6177	0.951111366227	5
15	6303	0.957819621271	6
15	6346	0.961966695015	7
15	6472	0.965411824093	8
15	6526	0.967257895035	9
15	6626	0.977799076567	10
15	6771	0.980469273609	11
15	6820	0.981912311528	12
15	6877	0.983355463868	13
15	6934	0.984798566868	14
15	6997	0.986241637735	15
15	7055	0.987710637735	16
15	7168	1.00247371977	17
15	7236	1.007315793282	18
15	7361	1.013697048326	19
15	7422	1.017163049206	20
15	7572	1.020750377114	21
15	7619	1.022706403504	22
15	7682	1.026443465224	23
15	7746	1.028230465224	24
15	7795	1.029457529187	25
15	8036	1.034831719966	26
15	8105	1.036287888105	27
15	8165	1.037514991105	28
15	8226	1.039315061972	29
15	8281	1.041102155816	30
15	8344	1.04291531729	31
15	8404	1.04486531729	32
18	2	0.1	326.6
18	179	0.2	326.6
18	386	0.3	326.6
18	601	0.4	326.6
18	822	0.5	326.6
18	1056	0.6	326.6
18	2015	0.7	326.6
18	4024	0.8	326.6
18	5539	0.9	326.6
18	7098	1	326.6
18	8559	1.1	326.6
18	8593	1.2	326.6
18	8623	1.3	326.6
18	8653	1.4	326.6
18	8683	1.5	326.6
18	8713	1.6	326.6
18	8743	1.7	326.6
18	8773	1.8	326.6
18	8803	1.9	326.6
18	8945	2	326.6
18	8971	2.1	326.6
18	8997	2.2	326.6
18	9023	2.3	326.6
18	9049	2.4	326.6
18	9075	2.5	326.6
18	9101	2.6	326.6
18	9127	2.7	326.6
18	9153	2.8	326.6
18	9179	2.9	326.6
18	9317	3	326.6
18	9339	3.1	326.6
18	9361	3.2	326.6
18	9383	3.3	326.6
18	9405	3.4	326.6
18	9427	3.5	326.6
18	9449	3.6	326.6
18	9471	3.7	326.6
18	9605	3.8	326.6
18	9623	3.9	326.6
18	9641	4	326.6
18	9659	4.1	326.6
18	9677	4.2	326.6
18	9695	4.3	326.6
18	9713	4.4	326.6
18	9731	4.5	326.6
18	9749	4.6	326.6
18	9767	4.7	326.6
18	9785	4.8	326.6
18	9803	4.9	326.6
18	9821	5	326.6
18	9839	5.1	326.6
18	9857	5.2	326.6
18	9875	5.3	326.6
19	2	0.1	345
19	179	0.2	345
19	386	0.3	343.02936884371
19	601	0.4	343.02936884371
19	822	0.5	341.23873768741
19	1056	0.6	341.23873768741
19	2015	0.7	339.62810653112
19	4024	0.8	339.62810653112
19	5539	0.9	338.19747537482
19	7098	1	338.19747537482
19	8559	1.1	336.94441550255
19	8593	1.2	336.94441550255
19	8623	1.3	335.87135563028
19	8653	1.4	335.87135563028
19	8683	1.5	334.97829575801
19	8713	1.6	334.97829575801
19	8743	1.7	334.26523588575
19	8773	1.8	334.26523588575
19	8803	1.9	333.73217601348
19	8945	2	333.73217601348
19	8971	2.1	333.37911614121
19	8997	2.2	333.37911614121
19	9023	2.3	333.20123904271
19	9049	2.4	333.20123904271
19	9075	2.5	333.20101550127
19	9101	2.6	333.20101550127
19	9127	2.7	333.20100134763
19	9153	2.8	333.20100134763
19	9179	2.9	333.20100134763
19	9317	3	333.20100134763
19	9339	3.1	327.20100134763
19	9361	3.2	327.20100134763
19	9383	3.3	321.20100134763
19	9405	3.4	321.20100134763
19	9427	3.5	315.20100134763
19	9449	3.6	315.20100134763
19	9471	3.7	309.20100134763
19	9605	3.8	309.20100134763
19	9623	3.9	303.20100134763
19	9641	4	303.20100134763
19	9659	4.1	297.20100134763
19	9677	4.2	297.20100134763
19	9695	4.3	291.20100134763
19	9713	4.4	291.20100134763
19	9731	4.5	285.20100134763
19	9749	4.6	285.20100134763
19	9767	4.7	279.20100134763
19	9785	4.8	279.20100134763
19	9803	4.9	273.20100134763
19	9821	5	273.20100134763
19	9839	5.1	267.20100134763
19	9857	5.2	267.20100134763
19	9875	5.3	261.20100134763
20	1047	0.6	1
20	1125	0.600892146043	2
20	1228	0.625620217361	3
20	1436	0.650621289418	4
20	2087	0.701191203369	5
20	2467	0.72678465916	6
20	2771	0.730815153335	7
20	3012	0.750476344115	8
20	3513	0.775369219571	9
20	6098	0.945016288541	10
20	6137	0.95	12
20	7110	1	13
20	7246	1.01013853781	14
20	7393	1.016095023028	16
20	9475	3.7	18
21	5618	0.901306796429	1
21	5699	0.911821796429	2
21	5886	0.923364148365	3
21	5944	0.924604148365	4
21	6181	0.951111402856	5
21	6221	0.956363403342	6
21	6307	0.9578196579	7
21	6404	0.96343573213	8
21	6488	0.96541185792	9
21	6634	0.977799112802	10
21	6779	0.980469309844	11
21	6828	0.981912336126	12
21	6885	0.983355490716	13
21	6942	0.984798591466	14
21	7001	0.986241655369	15
21	7059	0.987710655369	16
21	7176	1.002473756005	17
21	7240	1.007315829911	18
21	7281	1.012469830397	19
21	7365	1.013697084955	20
21	7430	1.017163085441	21
21	7576	1.020750413743	22
21	7635	1.022706437331	23
21	7690	1.026443492072	24
21	7754	1.028230492072	25
21	7872	1.031244566302	26
21	8113	1.036287914953	27
21	8173	1.037515015703	28
21	8230	1.039315079606	29
21	8297	1.041102189643	30
21	8348	1.042915334924	31
21	8408	1.044865334924	32
24	2	0.1	326.6
24	179	0.2	326.6
24	386	0.3	326.6
24	601	0.4	326.6
24	822	0.5	326.6
24	1056	0.6	326.6
24	2015	0.7	326.6
24	4024	0.8	326.6
24	5539	0.9	326.6
24	7098	1	326.6
24	8559	1.1	326.6
24	8593	1.2	326.6
24	8623	1.3	326.6
24	8653	1.4	326.6
24	8683	1.5	326.6
24	8713	1.6	326.6
24	8743	1.7	326.6
24	8773	1.8	326.6
24	8803	1.9	326.6
24	8945	2	326.6
24	8971	2.1	326.6
24	8997	2.2	326.6
24	9023	2.3	326.6
24	9049	2.4	326.6
24	9075	2.5	326.6
24	9101	2.6	326.6
24	9127	2.7	326.6
24	9153	2.8	326.6
24	9179	2.9	326.6
24	9317	3	326.6
24	9339	3.1	326.6
24	9361	3.2	326.6
24	9383	3.3	326.6
24	9405	3.4	326.6
24	9427	3.5	326.6
24	9449	3.6	326.6
24	9471	3.7	326.6
24	9605	3.8	326.6
24	9623	3.9	326.6
24	9641	4	326.6
24	9659	4.1	326.6
24	9677	4.2	326.6
24	9695	4.3	326.6
24	9713	4.4	326.6
24	9731	4.5	326.6
24	9749	4.6	326.6
24	9767	4.7	326.6
24	9785	4.8	326.6
24	9803	4.9	326.6
24	9821	5	326.6
24	9839	5.1	326.6
24	9857	5.2	326.6
25	2	0.1	355
25	179	0.2	355
25	386	0.3	353.4546861307
25	601	0.4	353.4546861307
25	822	0.5	351.96049944119
25	1056	0.6	351.96049944119
25	2015	0.7	350.58419938808
25	4024	0.8	350.58419938808
25	5539	0.9	349.32413788094
25	7098	1	349.32413788094
25	8559	1.1	348.1585011461
25	8593	1.2	348.1585011461
25	8623	1.3	347.13293512825
25	8653	1.4	347.13293512825
25	8683	1.5	346.18800373811
25	8713	1.6	346.18800373811
25	8743	1.7	345.34468770541
25	8773	1.8	345.34468770541
25	8803	1.9	344.61593691321
25	8945	2	344.61593691321
25	8971	2.1	343.96888961948
25	8997	2.2	343.96888961948
25	9023	2.3	343.40253550932
25	9049	2.4	343.40253550932
25	9075	2.5	342.91234512149
25	9101	2.6	342.91234512149
25	9127	2.7	342.48866412525
25	9153	2.8	342.48866412525
25	9179	2.9	342.10050819531
25	9317	3	342.10050819531
25	9339	3.1	341.76762181231
25	9361	3.2	341.76762181231
25	9383	3.3	341.36684458378
25	9405	3.4	341.36684458378
25	9427	3.5	340.90927110195
25	9449	3.6	340.90927110195
25	9471	3.7	340.36182515327
25	9605	3.8	340.36182515327
25	9623	3.9	334.36182515327
25	9641	4	334.36182515327
25	9659	4.1	328.36182515327
25	9677	4.2	328.36182515327
25	9695	4.3	322.36182515327
25	9713	4.4	322.36182515327
25	9731	4.5	316.36182515327
25	9749	4.6	316.36182515327
25	9767	4.7	310.36182515327
25	9785	4.8	310.36182515327
25	9803	4.9	304.36182515327
25	9821	5	304.36182515327
25	9839	5.1	298.36182515327
25	9857	5.2	298.36182515327
26	1049	0.6	1
26	1109	0.600892078552	2
26	1208	0.625620138352	3
26	1448	0.650621332112	4
26	1669	0.676155621383	5
26	2451	0.726784573716	6
26	3016	0.75047634941	7
26	3359	0.756755961137	8
26	3521	0.775369234159	9
26	6093	0.943151873255	10
26	6138	0.95	12
26	7111	1	13
26	7241	1.00745065073	14
26	7366	1.01466211614	16
26	8443	1.05	18
27	5602	0.901306733691	1
27	5683	0.911821733691	2
27	5870	0.923364085627	3
27	5928	0.924604085627	4
27	6161	0.951111328078	5
27	6233	0.956363430766	6
27	6287	0.957819583122	7
27	6358	0.961966756266	8
27	6416	0.963435759554	9
27	6538	0.967257956286	10
27	6618	0.977799050064	11
27	6763	0.980469247106	12
27	6832	0.981912338482	13
27	6869	0.983355411721	14
27	6946	0.984798593822	15
27	7009	0.98624166704	16
27	7067	0.98771066704	17
27	7160	1.002473693267	18
27	7220	1.007315755133	19
27	7293	1.012469857821	20
27	7345	1.013697010177	21
27	7414	1.017163022703	22
27	7556	1.020750338965	23
27	7674	1.026443413077	24
27	7738	1.028230413077	25
27	7807	1.029457590438	26
27	8048	1.034831781217	27
27	8097	1.036287835958	28
27	8177	1.037515018059	29
27	8238	1.039315091277	30
27	8356	1.042915346595	31
27	8416	1.044865346595	32
30	2	0.1	345
30	179	0.2	345
30	386	0.3	343.07202587852
30	601	0.4	343.07202587852
30	822	0.5	341.29430427062
30	1056	0.6	341.29430427062
30	2015	0.7	339.69658266273
30	4024	0.8	339.69658266273
30	5539	0.9	338.27886105483
30	7098	1	338.27886105483
30	8559	1.1	337.04113944694
30	8593	1.2	337.04113944694
30	8623	1.3	331.04113944694
30	8653	1.4	331.04113944694
30	8683	1.5	325.04113944694
30	8713	1.6	325.04113944694
30	8743	1.7	319.04113944694
30	8773	1.8	319.04113944694
30	8803	1.9	313.04113944694
30	8945	2	313.04113944694
30	8971	2.1	307.04113944694
30	8997	2.2	307.04113944694
30	9023	2.3	301.04113944694
30	9049	2.4	301.04113944694
30	9075	2.5	295.04113944694
30	9101	2.6	295.04113944694
30	9127	2.7	289.04113944694
30	9153	2.8	289.04113944694
30	9179	2.9	283.04113944694
30	9317	3	283.04113944694
30	9339	3.1	277.04113944694
30	9361	3.2	277.04113944694
30	9383	3.3	271.04113944694
30	9405	3.4	271.04113944694
30	9427	3.5	265.04113944694
30	9449	3.6	265.04113944694
30	9471	3.7	259.04113944694
30	9605	3.8	259.04113944694
30	9623	3.9	253.04113944694
30	9641	4	253.04113944694
30	9659	4.1	247.04113944694
30	9677	4.2	247.04113944694
30	9695	4.3	241.04113944694
30	9713	4.4	241.04113944694
30	9731	4.5	235.04113944694
30	9749	4.6	235.04113944694
30	9767	4.7	229.04113944694
30	9785	4.8	229.04113944694
30	9803	4.9	223.04113944694
30	9821	5	223.04113944694
30	9839	5.1	217.04113944694
30	9857	5.2	217.04113944694
31	2	0.1	323.4
31	179	0.2	323.4
31	386	0.3	323.4
31	601	0.4	323.4
31	822	0.5	323.4
31	1056	0.6	323.4
31	2015	0.7	323.4
31	4024	0.8	323.4
31	5539	0.9	323.4
31	7098	1	323.4
31	8559	1.1	323.4
31	8593	1.2	323.4
31	8623	1.3	323.4
31	8653	1.4	323.4
31	8683	1.5	323.4
31	8713	1.6	323.4
31	8743	1.7	323.4
31	8773	1.8	323.4
31	8803	1.9	323.4
31	8945	2	323.4
31	8971	2.1	323.4
31	8997	2.2	323.4
31	9023	2.3	323.4
31	9049	2.4	323.4
31	9075	2.5	323.4
31	9101	2.6	323.4
31	9127	2.7	323.4
31	9153	2.8	323.4
31	9179	2.9	323.4
31	9317	3	323.4
31	9339	3.1	323.4
31	9361	3.2	323.4
31	9383	3.3	323.4
31	9405	3.4	323.4
31	9427	3.5	323.4
31	9449	3.6	323.4
31	9471	3.7	323.4
31	9605	3.8	323.4
31	9623	3.9	323.4
31	9641	4	323.4
31	9659	4.1	323.4
31	9677	4.2	323.4
31	9695	4.3	323.4
31	9713	4.4	323.4
31	9731	4.5	323.4
31	9749	4.6	323.4
31	9767	4.7	323.4
31	9785	4.8	323.4
31	9803	4.9	323.4
31	9821	5	323.4
31	9839	5.1	323.4
31	9857	5.2	323.4
32	1051	0.6	1
32	1117	0.600892110242	2
32	1216	0.62562016426	3
32	1452	0.650621356001	4
32	1673	0.676155639493	5
32	2063	0.701191135863	6
32	3024	0.75047638512	7
32	3525	0.775369270175	8
32	4379	0.807285660833	9
32	6099	0.946247172332	10
32	6139	0.95	12
32	7096	0.99915823391	13
32	7112	1	15
32	7242	1.007807541619	16
32	8809	1.9	18
33	5614	0.901306767509	1
33	5695	0.911821767509	2
33	5882	0.923364119445	3
33	5940	0.924604119445	4
33	6173	0.951111354927	5
33	6237	0.95636345543	6
33	6299	0.957819609971	7
33	6366	0.961966773951	8
33	6420	0.963435784218	9
33	6464	0.96541179661	10
33	6546	0.967257973971	11
33	6630	0.977799083882	12
33	6775	0.980469280924	13
33	6840	0.981912374665	14
33	6954	0.984798630005	15
33	7013	0.986241703613	16
33	7071	0.987710703613	17
33	7172	1.002473727085	18
33	7232	1.007315781982	19
33	7297	1.012469882485	20
33	7357	1.013697037026	21
33	7426	1.017163056521	22
33	7568	1.020750365814	23
33	7611	1.022706376021	24
33	7815	1.029457608123	25
33	7960	1.032471709746	26
33	8056	1.034831798902	27
33	8185	1.037515054242	28
33	8242	1.03931512785	29
33	8273	1.041102128333	30
33	8360	1.042915383168	31
33	8420	1.044865383168	32
36	2	0.1	355
36	179	0.2	355
36	386	0.3	353.44760854882
36	601	0.4	353.44760854882
36	822	0.5	351.98993914824
36	1056	0.6	351.98993914824
36	2015	0.7	350.62094188131
36	4024	0.8	350.62094188131
36	5539	0.9	349.38805532021
36	7098	1	349.38805532021
36	8559	1.1	348.26499255941
36	8593	1.2	348.26499255941
36	8623	1.3	347.2264615416
36	8653	1.4	347.2264615416
36	8683	1.5	346.08918702479
36	8713	1.6	346.08918702479
36	8743	1.7	344.8716223551
36	8773	1.8	344.8716223551
36	8803	1.9	343.59833906508
36	8945	2	343.59833906508
36	8971	2.1	337.59833906508
36	8997	2.2	337.59833906508
36	9023	2.3	331.59833906508
36	9049	2.4	331.59833906508
36	9075	2.5	325.59833906508
36	9101	2.6	325.59833906508
36	9127	2.7	319.59833906508
36	9153	2.8	319.59833906508
36	9179	2.9	313.59833906508
36	9317	3	313.59833906508
36	9339	3.1	307.59833906508
36	9361	3.2	307.59833906508
36	9383	3.3	301.59833906508
36	9405	3.4	301.59833906508
36	9427	3.5	295.59833906508
36	9449	3.6	295.59833906508
36	9471	3.7	289.59833906508
36	9605	3.8	289.59833906508
36	9623	3.9	283.59833906508
36	9641	4	283.59833906508
36	9659	4.1	277.59833906508
36	9677	4.2	277.59833906508
36	9695	4.3	271.59833906508
36	9713	4.4	271.59833906508
36	9731	4.5	265.59833906508
36	9749	4.6	265.59833906508
36	9767	4.7	259.59833906508
36	9785	4.8	259.59833906508
36	9803	4.9	253.59833906508
36	9821	5	253.59833906508
36	9839	5.1	247.59833906508
36	9857	5.2	247.59833906508
37	2	0.1	323.4
37	179	0.2	323.4
37	386	0.3	323.4
37	601	0.4	323.4
37	822	0.5	323.4
37	1056	0.6	323.4
37	2015	0.7	323.4
37	4024	0.8	323.4
37	5539	0.9	323.4
37	7098	1	323.4
37	8559	1.1	323.4
37	8593	1.2	323.4
37	8623	1.3	323.4
37	8653	1.4	323.4
37	8683	1.5	323.4
37	8713	1.6	323.4
37	8743	1.7	323.4
37	8773	1.8	323.4
37	8803	1.9	323.4
37	8945	2	323.4
37	8971	2.1	323.4
37	8997	2.2	323.4
37	9023	2.3	323.4
37	9049	2.4	323.4
37	9075	2.5	323.4
37	9101	2.6	323.4
37	9127	2.7	323.4
37	9153	2.8	323.4
37	9179	2.9	323.4
37	9317	3	323.4
37	9339	3.1	323.4
37	9361	3.2	323.4
37	9383	3.3	323.4
37	9405	3.4	323.4
37	9427	3.5	323.4
37	9449	3.6	323.4
37	9471	3.7	323.4
37	9605	3.8	323.4
37	9623	3.9	323.4
37	9641	4	323.4
37	9659	4.1	323.4
37	9677	4.2	323.4
37	9695	4.3	323.4
37	9713	4.4	323.4
37	9731	4.5	323.4
37	9749	4.6	323.4
37	9767	4.7	323.4
37	9785	4.8	323.4
37	9803	4.9	323.4
37	9821	5	323.4
37	9839	5.1	323.4
37	9857	5.2	323.4
38	1053	0.6	1
38	1105	0.600892078479	2
38	1212	0.625620146151	3
38	1444	0.650621332105	4
38	1665	0.676155613531	5
38	2083	0.701191200108	6
38	2475	0.726784673671	7
38	3497	0.775369134205	8
38	4202	0.80566028067	9
38	6096	0.944746840672	10
38	6140	0.95	12
38	7092	0.997239997729	13
38	7113	1	15
38	7204	1.005655895197	16
38	8445	1.05	18
39	5598	0.90130673358	1
39	5679	0.91182173358	2
39	5866	0.923364085516	3
39	5924	0.924604085516	4
39	6165	0.951111337233	5
39	6229	0.95636343076	6
39	6291	0.957819592277	7
39	6354	0.961966747031	8
39	6412	0.963435759548	9
39	6484	0.965411851041	10
39	6534	0.967257947051	11
39	6614	0.977799049953	12
39	6759	0.980469246995	13
39	6893	0.983355502335	14
39	6985	0.986241576427	15
39	7043	0.987710576427	16
39	7156	1.002473693156	17
39	7224	1.007315764288	18
39	7289	1.012469857815	19
39	7349	1.013697019332	20
39	7410	1.017163022592	21
39	7560	1.02075034812	22
39	7631	1.022706430452	23
39	7698	1.026443503691	24
39	7762	1.028230503691	25
39	7803	1.029457581203	26
39	8044	1.034831771982	27
39	8121	1.036287926572	28
39	8214	1.039315000664	29
39	8293	1.041102182764	30
39	8332	1.042915255982	31
39	8392	1.044865255982	32
42	2	0.1	305
42	179	0.2	305
42	386	0.3	306.94881750639
42	601	0.4	306.94881750639
42	822	0.5	308.72780157631
42	1056	0.6	308.72780157631
42	2015	0.7	310.33256407491
42	4024	0.8	310.33256407491
42	5539	0.9	311.7573265735
42	7098	1	311.7573265735
42	8559	1.1	313.0020890721
42	8593	1.2	313.0020890721
42	8623	1.3	319.0020890721
42	8653	1.4	319.0020890721
42	8683	1.5	325.0020890721
42	8713	1.6	325.0020890721
42	8743	1.7	331.0020890721
42	8773	1.8	331.0020890721
42	8803	1.9	337.0020890721
42	8945	2	337.0020890721
42	8971	2.1	343.0020890721
42	8997	2.2	343.0020890721
42	9023	2.3	349.0020890721
42	9049	2.4	349.0020890721
42	9075	2.5	355.0020890721
42	9101	2.6	355.0020890721
42	9127	2.7	361.0020890721
42	9153	2.8	361.0020890721
42	9179	2.9	367.0020890721
42	9317	3	367.0020890721
42	9339	3.1	373.0020890721
42	9361	3.2	373.0020890721
42	9383	3.3	379.0020890721
42	9405	3.4	379.0020890721
42	9427	3.5	385.0020890721
42	9449	3.6	385.0020890721
42	9471	3.7	391.0020890721
42	9605	3.8	391.0020890721
42	9623	3.9	397.0020890721
42	9641	4	397.0020890721
42	9659	4.1	403.0020890721
42	9677	4.2	403.0020890721
42	9695	4.3	409.0020890721
42	9713	4.4	409.0020890721
42	9731	4.5	415.0020890721
42	9749	4.6	415.0020890721
42	9767	4.7	421.0020890721
42	9785	4.8	421.0020890721
42	9803	4.9	427.0020890721
42	9821	5	427.0020890721
42	9839	5.1	433.0020890721
42	9857	5.2	433.0020890721
43	2	0.1	326.6
43	179	0.2	326.6
43	386	0.3	326.6
43	601	0.4	326.6
43	822	0.5	326.6
43	1056	0.6	326.6
43	2015	0.7	326.6
43	4024	0.8	326.6
43	5539	0.9	326.6
43	7098	1	326.6
43	8559	1.1	326.6
43	8593	1.2	326.6
43	8623	1.3	326.6
43	8653	1.4	326.6
43	8683	1.5	326.6
43	8713	1.6	326.6
43	8743	1.7	326.6
43	8773	1.8	326.6
43	8803	1.9	326.6
43	8945	2	326.6
43	8971	2.1	326.6
43	8997	2.2	326.6
43	9023	2.3	326.6
43	9049	2.4	326.6
43	9075	2.5	326.6
43	9101	2.6	326.6
43	9127	2.7	326.6
43	9153	2.8	326.6
43	9179	2.9	326.6
43	9317	3	326.6
43	9339	3.1	326.6
43	9361	3.2	326.6
43	9383	3.3	326.6
43	9405	3.4	326.6
43	9427	3.5	326.6
43	9449	3.6	326.6
43	9471	3.7	326.6
43	9605	3.8	326.6
43	9623	3.9	326.6
43	9641	4	326.6
43	9659	4.1	326.6
43	9677	4.2	326.6
43	9695	4.3	326.6
43	9713	4.4	326.6
43	9731	4.5	326.6
43	9749	4.6	326.6
43	9767	4.7	326.6
43	9785	4.8	326.6
43	9803	4.9	326.6
43	9821	5	326.6
43	9839	5.1	326.6
43	9857	5.2	326.6
44	1055	0.6	1
44	1113	0.60089210243	2
44	1220	0.625620164299	3
44	1456	0.650621363913	4
44	1677	0.676155639549	5
44	2091	0.701191235934	6
44	2479	0.726784709803	7
44	2996	0.750476285282	8
44	4598	0.826840972284	9
44	6097	0.944926431201	10
44	6141	0.95	12
44	7095	0.9991578911	13
44	7114	1	15
44	7243	1.007979114094	16
44	8811	1.9	18
45	5606	0.901306758171	1
45	5687	0.911821758171	2
45	5874	0.923364110107	3
45	5932	0.924604110107	4
45	6169	0.951111354848	5
45	6245	0.956363464581	6
45	6295	0.957819609892	7
45	6362	0.961966773888	8
45	6428	0.963435793369	9
45	6492	0.965411887213	10
45	6542	0.967257973908	11
45	6622	0.977799074544	12
45	6767	0.980469271586	13
45	6812	0.981912284041	14
45	6897	0.983355538897	15
45	6926	0.984798539381	16
45	7164	1.002473717747	17
45	7228	1.007315781903	18
45	7305	1.012469891636	19
45	7353	1.013697036947	20
45	7418	1.017163047183	21
45	7564	1.020750365735	22
45	7639	1.022706466624	23
45	7702	1.026443540253	24
45	7766	1.028230540253	25
45	7811	1.02945760806	26
45	7885	1.031244618249	27
45	7985	1.033031630766	28
45	8052	1.034831798839	29
45	8125	1.036287963134	30
45	8157	1.037514963618	31
45	8301	1.041102218936	32
48	2	0.1	295
48	179	0.2	295
48	386	0.3	296.53210424606
48	601	0.4	296.53210424606
48	822	0.5	297.99568566803
48	1056	0.6	297.99568566803
48	2015	0.7	299.37305248952
48	4024	0.8	299.37305248952
48	5539	0.9	300.651307588
48	7098	1	300.651307588
48	8559	1.1	301.78041636877
48	8593	1.2	301.78041636877
48	8623	1.3	302.81446868718
48	8653	1.4	302.81446868718
48	8683	1.5	303.91994626963
48	8713	1.6	303.91994626963
48	8743	1.7	305.09797136171
48	8773	1.8	305.09797136171
48	8803	1.9	306.36560348349
48	8945	2	306.36560348349
48	8971	2.1	312.36560348349
48	8997	2.2	312.36560348349
48	9023	2.3	318.36560348349
48	9049	2.4	318.36560348349
48	9075	2.5	324.36560348349
48	9101	2.6	324.36560348349
48	9127	2.7	330.36560348349
48	9153	2.8	330.36560348349
48	9179	2.9	336.36560348349
48	9317	3	336.36560348349
48	9339	3.1	342.36560348349
48	9361	3.2	342.36560348349
48	9383	3.3	348.36560348349
48	9405	3.4	348.36560348349
48	9427	3.5	354.36560348349
48	9449	3.6	354.36560348349
48	9471	3.7	360.36560348349
48	9605	3.8	360.36560348349
48	9623	3.9	366.36560348349
48	9641	4	366.36560348349
48	9659	4.1	372.36560348349
48	9677	4.2	372.36560348349
48	9695	4.3	378.36560348349
48	9713	4.4	378.36560348349
48	9731	4.5	384.36560348349
48	9749	4.6	384.36560348349
48	9767	4.7	390.36560348349
48	9785	4.8	390.36560348349
48	9803	4.9	396.36560348349
48	9821	5	396.36560348349
48	9839	5.1	402.36560348349
48	9857	5.2	402.36560348349
49	2	0.1	326.6
49	179	0.2	326.6
49	386	0.3	326.6
49	601	0.4	326.6
49	822	0.5	326.6
49	1056	0.6	326.6
49	2015	0.7	326.6
49	4024	0.8	326.6
49	5539	0.9	326.6
49	7098	1	326.6
49	8559	1.1	326.6
49	8593	1.2	326.6
49	8623	1.3	326.6
49	8653	1.4	326.6
49	8683	1.5	326.6
49	8713	1.6	326.6
49	8743	1.7	326.6
49	8773	1.8	326.6
49	8803	1.9	326.6
49	8945	2	326.6
49	8971	2.1	326.6
49	8997	2.2	326.6
49	9023	2.3	326.6
49	9049	2.4	326.6
49	9075	2.5	326.6
49	9101	2.6	326.6
49	9127	2.7	326.6
49	9153	2.8	326.6
49	9179	2.9	326.6
49	9317	3	326.6
49	9339	3.1	326.6
49	9361	3.2	326.6
49	9383	3.3	326.6
49	9405	3.4	326.6
49	9427	3.5	326.6
49	9449	3.6	326.6
49	9471	3.7	326.6
49	9605	3.8	326.6
49	9623	3.9	326.6
49	9641	4	326.6
49	9659	4.1	326.6
49	9677	4.2	326.6
49	9695	4.3	326.6
49	9713	4.4	326.6
49	9731	4.5	326.6
49	9749	4.6	326.6
49	9767	4.7	326.6
49	9785	4.8	326.6
49	9803	4.9	326.6
49	9821	5	326.6
49	9839	5.1	326.6
49	9857	5.2	326.6
50	179	0.2	10.282916666667
50	386	0.3	9.7985691851733
50	601	0.4	9.7985691851733
50	822	0.5	8.8985691851733
50	1056	0.6	8.8985691851733
50	2015	0.7	7.9985691851733
50	4024	0.8	7.9985691851733
50	5539	0.9	7.119733634629
50	7098	1	7.119733634629
50	8559	1.1	6.219733634629
50	8593	1.2	6.219733634629
50	8623	1.3	5.3604360725783
50	8653	1.4	5.3604360725783
50	8683	1.5	4.5114528797813
50	8713	1.6	4.5114528797813
50	8743	1.7	3.6114528797813
50	8773	1.8	3.6114528797813
50	8803	1.9	2.7114528797813
50	8945	2	2.7114528797813
50	8971	2.1	1.8114528797813
50	8997	2.2	1.8114528797813
50	9023	2.3	0.91145287978133
50	9049	2.4	0.91145287978133
50	9075	2.5	0.040467523222438
50	9101	2.6	0.040467523222438
50	9127	2.7	0.0016439963892451
50	9153	2.8	0.0016439963892451
50	9179	2.9	0
50	9317	3	0
50	9339	3.1	30
50	9361	3.2	30
50	9383	3.3	30
50	9405	3.4	30
50	9427	3.5	30
50	9449	3.6	30
50	9471	3.7	30
50	9605	3.8	30
50	9623	3.9	30
50	9641	4	30
50	9659	4.1	30
50	9677	4.2	30
50	9695	4.3	30
50	9713	4.4	30
50	9731	4.5	30
50	9749	4.6	30
50	9767	4.7	30
50	9785	4.8	30
50	9803	4.9	30
50	9821	5	30
50	9839	5.1	30
50	9857	5.2	30
50	9875	5.3	30
51	179	0.2	7.777467948718
51	386	0.3	7.5981504792934
51	601	0.4	7.5981504792934
51	822	0.5	7.3706877156108
51	1056	0.6	7.3706877156108
51	2015	0.7	6.7198221658762
51	4024	0.8	6.7198221658762
51	5539	0.9	6.3706318017669
51	7098	1	6.3706318017669
51	8559	1.1	5.6492402579417
51	8593	1.2	5.6492402579417
51	8623	1.3	5.164635762889
51	8653	1.4	5.164635762889
51	8683	1.5	4.6108422033349
51	8713	1.6	4.6108422033349
51	8743	1.7	4.1573951278814
51	8773	1.8	4.1573951278814
51	8803	1.9	3.9172529760904
51	8945	2	3.9172529760904
51	8971	2.1	3.2625627432645
51	8997	2.2	3.2625627432645
51	9023	2.3	3.009680224372
51	9049	2.4	3.009680224372
51	9075	2.5	2.4394029547077
51	9101	2.6	2.4394029547077
51	9127	2.7	2.2367642386337
51	9153	2.8	2.2367642386337
51	9179	2.9	2.0044208723373
51	9317	3	2.0044208723373
51	9339	3.1	1.6007506291354
51	9361	3.2	1.6007506291354
51	9383	3.3	1.9122454644436
51	9405	3.4	1.9122454644436
51	9427	3.5	2.1977399450304
51	9449	3.6	2.1977399450304
51	9471	3.7	2.4887766158717
51	9605	3.8	2.4887766158717
51	9623	3.9	30
51	9641	4	30
51	9659	4.1	30
51	9677	4.2	30
51	9695	4.3	30
51	9713	4.4	30
51	9731	4.5	30
51	9749	4.6	30
51	9767	4.7	30
51	9785	4.8	30
51	9803	4.9	30
51	9821	5	30
51	9839	5.1	30
51	9857	5.2	30
51	9875	5.3	30
52	179	0.2	10.282916666667
52	386	0.3	9.8531557814713
52	601	0.4	9.8531557814713
52	822	0.5	8.9531557814713
52	1056	0.6	8.9531557814713
52	2015	0.7	8.0531557814713
52	4024	0.8	8.0531557814713
52	5539	0.9	7.1531557814713
52	7098	1	7.1531557814713
52	8559	1.1	6.2652993613471
52	8593	1.2	6.2652993613471
52	8623	1.3	5.3652993613471
52	8653	1.4	5.3652993613471
52	8683	1.5	4.4652993613471
52	8713	1.6	4.4652993613471
52	8743	1.7	3.5652993613471
52	8773	1.8	3.5652993613471
52	8803	1.9	2.6652993613471
52	8945	2	2.6652993613471
52	8971	2.1	1.7652993613471
52	8997	2.2	1.7652993613471
52	9023	2.3	0.8893854924622
52	9049	2.4	0.8893854924622
52	9075	2.5	0.00111770722322
52	9101	2.6	0.00111770722322
52	9127	2.7	7.0768187005163e-05
52	9153	2.8	7.0768187005163e-05
52	9179	2.9	0
52	9317	3	0
52	9339	3.1	30
52	9361	3.2	30
52	9383	3.3	30
52	9405	3.4	30
52	9427	3.5	30
52	9449	3.6	30
52	9471	3.7	30
52	9605	3.8	30
52	9623	3.9	30
52	9641	4	30
52	9659	4.1	30
52	9677	4.2	30
52	9695	4.3	30
52	9713	4.4	30
52	9731	4.5	30
52	9749	4.6	30
52	9767	4.7	30
52	9785	4.8	30
52	9803	4.9	30
52	9821	5	30
52	9839	5.1	30
52	9857	5.2	30
52	9875	5.3	30
53	179	0.2	7.777467948718
53	386	0.3	7.7265693464763
53	601	0.4	7.7265693464763
53	822	0.5	7.4709334475728
53	1056	0.6	7.4709334475728
53	2015	0.7	6.8815002655438
53	4024	0.8	6.8815002655438
53	5539	0.9	6.3003075357244
53	7098	1	6.3003075357244
53	8559	1.1	5.8281836741605
53	8593	1.2	5.8281836741605
53	8623	1.3	5.1278300892679
53	8653	1.4	5.1278300892679
53	8683	1.5	4.7246569507116
53	8713	1.6	4.7246569507116
53	8743	1.7	4.2165801635134
53	8773	1.8	4.2165801635134
53	8803	1.9	3.6437539609609
53	8945	2	3.6437539609609
53	8971	2.1	3.2352364686551
53	8997	2.2	3.2352364686551
53	9023	2.3	2.8317705508176
53	9049	2.4	2.8317705508176
53	9075	2.5	2.4509519391304
53	9101	2.6	2.4509519391304
53	9127	2.7	2.1184049812196
53	9153	2.8	2.1184049812196
53	9179	2.9	1.9407796497068
53	9317	3	1.9407796497068
53	9339	3.1	1.6644319150115
53	9361	3.2	1.6644319150115
53	9383	3.3	2.0038861426367
53	9405	3.4	2.0038861426367
53	9427	3.5	2.2878674091268
53	9449	3.6	2.2878674091268
53	9471	3.7	2.7372297434006
53	9605	3.8	2.7372297434006
53	9623	3.9	30
53	9641	4	30
53	9659	4.1	30
53	9677	4.2	30
53	9695	4.3	30
53	9713	4.4	30
53	9731	4.5	30
53	9749	4.6	30
53	9767	4.7	30
53	9785	4.8	30
53	9803	4.9	30
53	9821	5	30
53	9839	5.1	30
53	9857	5.2	30
54	179	0.2	10.282916666667
54	386	0.3	9.6398706074089
54	601	0.4	9.6398706074089
54	822	0.5	8.8886080394785
54	1056	0.6	8.8886080394785
54	2015	0.7	7.9886080394785
54	4024	0.8	7.9886080394785
54	5539	0.9	7.0886080394785
54	7098	1	7.0886080394785
54	8559	1.1	6.1886080394785
54	8593	1.2	6.1886080394785
54	8623	1.3	30
54	8653	1.4	30
54	8683	1.5	30
54	8713	1.6	30
54	8743	1.7	30
54	8773	1.8	30
54	8803	1.9	30
54	8945	2	30
54	8971	2.1	30
54	8997	2.2	30
54	9023	2.3	30
54	9049	2.4	30
54	9075	2.5	30
54	9101	2.6	30
54	9127	2.7	30
54	9153	2.8	30
54	9179	2.9	30
54	9317	3	30
54	9339	3.1	30
54	9361	3.2	30
54	9383	3.3	30
54	9405	3.4	30
54	9427	3.5	30
54	9449	3.6	30
54	9471	3.7	30
54	9605	3.8	30
54	9623	3.9	30
54	9641	4	30
54	9659	4.1	30
54	9677	4.2	30
54	9695	4.3	30
54	9713	4.4	30
54	9731	4.5	30
54	9749	4.6	30
54	9767	4.7	30
54	9785	4.8	30
54	9803	4.9	30
54	9821	5	30
54	9839	5.1	30
54	9857	5.2	30
55	179	0.2	7.777467948718
55	386	0.3	7.7619572559027
55	601	0.4	7.7619572559027
55	822	0.5	7.2883470029099
55	1056	0.6	7.2883470029099
55	2015	0.7	6.8449863346307
55	4024	0.8	6.8449863346307
55	5539	0.9	6.1644328055217
55	7098	1	6.1644328055217
55	8559	1.1	5.6153138039943
55	8593	1.2	5.6153138039943
55	8623	1.3	5.19265508904
55	8653	1.4	5.19265508904
55	8683	1.5	5.6863725840614
55	8713	1.6	5.6863725840614
55	8743	1.7	6.0878233484446
55	8773	1.8	6.0878233484446
55	8803	1.9	6.3664164500858
55	8945	2	6.3664164500858
55	8971	2.1	30
55	8997	2.2	30
55	9023	2.3	30
55	9049	2.4	30
55	9075	2.5	30
55	9101	2.6	30
55	9127	2.7	30
55	9153	2.8	30
55	9179	2.9	30
55	9317	3	30
55	9339	3.1	30
55	9361	3.2	30
55	9383	3.3	30
55	9405	3.4	30
55	9427	3.5	30
55	9449	3.6	30
55	9471	3.7	30
55	9605	3.8	30
55	9623	3.9	30
55	9641	4	30
55	9659	4.1	30
55	9677	4.2	30
55	9695	4.3	30
55	9713	4.4	30
55	9731	4.5	30
55	9749	4.6	30
55	9767	4.7	30
55	9785	4.8	30
55	9803	4.9	30
55	9821	5	30
55	9839	5.1	30
55	9857	5.2	30
56	179	0.2	10.282916666667
56	386	0.3	9.7440875319701
56	601	0.4	9.7440875319701
56	822	0.5	8.8949203495762
56	1056	0.6	8.8949203495762
56	2015	0.7	8.0238124929796
56	4024	0.8	8.0238124929796
56	5539	0.9	7.1238124929796
56	7098	1	7.1238124929796
56	8559	1.1	6.2238124929796
56	8593	1.2	6.2238124929796
56	8623	1.3	30
56	8653	1.4	30
56	8683	1.5	30
56	8713	1.6	30
56	8743	1.7	30
56	8773	1.8	30
56	8803	1.9	30
56	8945	2	30
56	8971	2.1	30
56	8997	2.2	30
56	9023	2.3	30
56	9049	2.4	30
56	9075	2.5	30
56	9101	2.6	30
56	9127	2.7	30
56	9153	2.8	30
56	9179	2.9	30
56	9317	3	30
56	9339	3.1	30
56	9361	3.2	30
56	9383	3.3	30
56	9405	3.4	30
56	9427	3.5	30
56	9449	3.6	30
56	9471	3.7	30
56	9605	3.8	30
56	9623	3.9	30
56	9641	4	30
56	9659	4.1	30
56	9677	4.2	30
56	9695	4.3	30
56	9713	4.4	30
56	9731	4.5	30
56	9749	4.6	30
56	9767	4.7	30
56	9785	4.8	30
56	9803	4.9	30
56	9821	5	30
56	9839	5.1	30
56	9857	5.2	30
57	179	0.2	7.777467948718
57	386	0.3	7.6605212303092
57	601	0.4	7.6605212303092
57	822	0.5	7.3179071098327
57	1056	0.6	7.3179071098327
57	2015	0.7	6.8868341074576
57	4024	0.8	6.8868341074576
57	5539	0.9	6.3912754924014
57	7098	1	6.3912754924014
57	8559	1.1	5.6455439038434
57	8593	1.2	5.6455439038434
57	8623	1.3	5.1702615920472
57	8653	1.4	5.1702615920472
57	8683	1.5	5.5273879122379
57	8713	1.6	5.5273879122379
57	8743	1.7	5.8901254604029
57	8773	1.8	5.8901254604029
57	8803	1.9	6.3381606089108
57	8945	2	6.3381606089108
57	8971	2.1	30
57	8997	2.2	30
57	9023	2.3	30
57	9049	2.4	30
57	9075	2.5	30
57	9101	2.6	30
57	9127	2.7	30
57	9153	2.8	30
57	9179	2.9	30
57	9317	3	30
57	9339	3.1	30
57	9361	3.2	30
57	9383	3.3	30
57	9405	3.4	30
57	9427	3.5	30
57	9449	3.6	30
57	9471	3.7	30
57	9605	3.8	30
57	9623	3.9	30
57	9641	4	30
57	9659	4.1	30
57	9677	4.2	30
57	9695	4.3	30
57	9713	4.4	30
57	9731	4.5	30
57	9749	4.6	30
57	9767	4.7	30
57	9785	4.8	30
57	9803	4.9	30
57	9821	5	30
57	9839	5.1	30
57	9857	5.2	30
58	386	0.3	-4.8434748149336
58	601	0.4	0
58	822	0.5	-9
58	1056	0.6	0
58	2015	0.7	-9
58	4024	0.8	0
58	5539	0.9	-8.7883555054429
58	7098	1	0
58	8559	1.1	-9
58	8593	1.2	0
58	8623	1.3	-8.5929756205072
58	8653	1.4	0
58	8683	1.5	-8.4898319279697
58	8713	1.6	0
58	8743	1.7	-9
58	8773	1.8	0
58	8803	1.9	-9
58	8945	2	0
58	8971	2.1	-9
58	8997	2.2	0
58	9023	2.3	-9
58	9049	2.4	0
58	9075	2.5	-8.7098535655889
58	9101	2.6	0
58	9127	2.7	-0.38823526833193
58	9153	2.8	0
58	9179	2.9	-0.016439963892451
58	9317	3	0
58	9339	3.1	300
58	9361	3.2	0
58	9383	3.3	0
58	9405	3.4	0
58	9427	3.5	0
58	9449	3.6	0
58	9471	3.7	0
58	9605	3.8	0
58	9623	3.9	0
58	9641	4	0
58	9659	4.1	0
58	9677	4.2	0
58	9695	4.3	0
58	9713	4.4	0
58	9731	4.5	0
58	9749	4.6	0
58	9767	4.7	0
58	9785	4.8	0
58	9803	4.9	0
58	9821	5	0
58	9839	5.1	0
58	9857	5.2	0
58	9875	5.3	0
59	386	0.3	0.973
59	601	0.4	1.6695911630199
59	822	0.5	0.973
59	1056	0.6	1.6043598199593
59	2015	0.7	0.973
59	4024	0.8	1.5431235905937
59	5539	0.9	0.973
59	7098	1	1.4867958227212
59	8559	1.1	0.973
59	8593	1.2	1.4322673190938
59	8623	1.3	0.973
59	8653	1.4	1.3828163927761
59	8683	1.5	0.973
59	8713	1.6	1.3361149498371
59	8743	1.7	0.973
59	8773	1.8	1.288567782154
59	8803	1.9	0.973
59	8945	2	1.2426420172558
59	8971	2.1	0.973
59	8997	2.2	1.1979335899213
59	9023	2.3	0.973
59	9049	2.4	1.1540384349296
59	9075	2.5	0.973
59	9101	2.6	1.1119521594422
59	9127	2.7	0.973
59	9153	2.8	1.1100793063862
59	9179	2.9	0.973
59	9317	3	0.973
59	9339	3.1	2174.05142976
59	9361	3.2	5.05142976
59	9383	3.3	5.05142976
59	9405	3.4	5.05142976
59	9427	3.5	5.05142976
59	9449	3.6	5.05142976
59	9471	3.7	5.05142976
59	9605	3.8	5.05142976
59	9623	3.9	5.05142976
59	9641	4	5.05142976
59	9659	4.1	5.05142976
59	9677	4.2	5.05142976
59	9695	4.3	5.05142976
59	9713	4.4	5.05142976
59	9731	4.5	5.05142976
59	9749	4.6	5.05142976
59	9767	4.7	5.05142976
59	9785	4.8	5.05142976
59	9803	4.9	5.05142976
59	9821	5	5.05142976
59	9839	5.1	5.05142976
59	9857	5.2	5.05142976
59	9875	5.3	5.05142976
60	386	0.3	-1.7931746942457
60	601	0.4	0
60	822	0.5	-2.2746276368254
60	1056	0.6	0
60	2015	0.7	-6.5086554973466
60	4024	0.8	0
60	5539	0.9	-3.4919036410933
60	7098	1	0
60	8559	1.1	-7.2139154382513
60	8593	1.2	0
60	8623	1.3	-4.8460449505271
60	8653	1.4	0
60	8683	1.5	-5.5379355955411
60	8713	1.6	0
60	8743	1.7	-4.5344707545353
60	8773	1.8	0
60	8803	1.9	-2.40142151791
60	8945	2	0
60	8971	2.1	-6.5469023282583
60	8997	2.2	0
60	9023	2.3	-2.5288251889257
60	9049	2.4	0
60	9075	2.5	-5.7027726966423
60	9101	2.6	0
60	9127	2.7	-2.0263871607403
60	9153	2.8	0
60	9179	2.9	-2.3234336629646
60	9317	3	0
60	9339	3.1	-4.0367024320183
60	9361	3.2	0
60	9383	3.3	3.1149483530813
60	9405	3.4	0
60	9427	3.5	2.8549448058687
60	9449	3.6	0
60	9471	3.7	2.9103667084128
60	9605	3.8	0
60	9623	3.9	275.11223384128
60	9641	4	0
60	9659	4.1	0
60	9677	4.2	0
60	9695	4.3	0
60	9713	4.4	0
60	9731	4.5	0
60	9749	4.6	0
60	9767	4.7	0
60	9785	4.8	0
60	9803	4.9	0
60	9821	5	0
60	9839	5.1	0
60	9857	5.2	0
60	9875	5.3	0
61	386	0.3	0.973
61	601	0.4	1.5170572915117
61	822	0.5	0.973
61	1056	0.6	1.5025530311226
61	2015	0.7	0.973
61	4024	0.8	1.4621957015644
61	5539	0.9	0.973
61	7098	1	1.4412040010795
61	8559	1.1	0.973
61	8593	1.2	1.399174280691
61	8623	1.3	0.973
61	8653	1.4	1.3718680253432
61	8683	1.5	0.973
61	8713	1.6	1.341482549502
61	8743	1.7	0.973
61	8773	1.8	1.3171907310764
61	8803	1.9	0.973
61	8945	2	1.3045211541281
61	8971	2.1	0.973
61	8997	2.2	1.2705941371706
61	9023	2.3	0.973
61	9049	2.4	1.2577054264799
61	9075	2.5	0.973
61	9101	2.6	1.2290177817108
61	9127	2.7	0.973
61	9153	2.8	1.2189352992463
61	9179	2.9	0.973
61	9317	3	1.2074372055051
61	9339	3.1	0.973
61	9361	3.2	1.1875991270406
61	9383	3.3	2.6384202305056
61	9405	3.4	1.2028926782081
61	9427	3.5	2.7291363208828
61	9449	3.6	1.2169995968705
61	9471	3.7	2.9771065294336
61	9605	3.8	1.2314826510239
61	9623	3.9	1994.1128804325
61	9641	4	5.05142976
61	9659	4.1	5.05142976
61	9677	4.2	5.05142976
61	9695	4.3	5.05142976
61	9713	4.4	5.05142976
61	9731	4.5	5.05142976
61	9749	4.6	5.05142976
61	9767	4.7	5.05142976
61	9785	4.8	5.05142976
61	9803	4.9	5.05142976
61	9821	5	5.05142976
61	9839	5.1	5.05142976
61	9857	5.2	5.05142976
61	9875	5.3	5.05142976
62	386	0.3	-4.2976088519533
62	601	0.4	0
62	822	0.5	-9
62	1056	0.6	0
62	2015	0.7	-9
62	4024	0.8	0
62	5539	0.9	-9
62	7098	1	0
62	8559	1.1	-8.8785642012424
62	8593	1.2	0
62	8623	1.3	-9
62	8653	1.4	0
62	8683	1.5	-9
62	8713	1.6	0
62	8743	1.7	-9
62	8773	1.8	0
62	8803	1.9	-9
62	8945	2	0
62	8971	2.1	-9
62	8997	2.2	0
62	9023	2.3	-8.759138688849
62	9049	2.4	0
62	9075	2.5	-8.8826778523898
62	9101	2.6	0
62	9127	2.7	-0.010469390362149
62	9153	2.8	0
62	9179	2.9	-0.00070768187005163
62	9317	3	0
62	9339	3.1	300
62	9361	3.2	0
62	9383	3.3	0
62	9405	3.4	0
62	9427	3.5	0
62	9449	3.6	0
62	9471	3.7	0
62	9605	3.8	0
62	9623	3.9	0
62	9641	4	0
62	9659	4.1	0
62	9677	4.2	0
62	9695	4.3	0
62	9713	4.4	0
62	9731	4.5	0
62	9749	4.6	0
62	9767	4.7	0
62	9785	4.8	0
62	9803	4.9	0
62	9821	5	0
62	9839	5.1	0
62	9857	5.2	0
62	9875	5.3	0
63	386	0.3	0.973
63	601	0.4	1.6736849906497
63	822	0.5	0.973
63	1056	0.6	1.6081983400167
63	2015	0.7	0.973
63	4024	0.8	1.5467313103509
63	5539	0.9	0.973
63	7098	1	1.4888798364313
63	8559	1.1	0.973
63	8593	1.2	1.4349575099877
63	8623	1.3	0.973
63	8653	1.4	1.3830897608997
63	8683	1.5	0.973
63	8713	1.6	1.3336308238926
63	8743	1.7	0.973
63	8773	1.8	1.2861766337453
63	8803	1.9	0.973
63	8945	2	1.2403231252366
63	8971	2.1	0.973
63	8997	2.2	1.1956662331455
63	9023	2.3	0.973
63	9049	2.4	1.1529689455995
63	9075	2.5	0.973
63	9101	2.6	1.1100539181966
63	9127	2.7	1.1100032353005
63	9153	2.8	1.1100034138573
63	9179	2.9	0.973
63	9317	3	0.973
63	9339	3.1	2174.05142976
63	9361	3.2	5.05142976
63	9383	3.3	5.05142976
63	9405	3.4	5.05142976
63	9427	3.5	5.05142976
63	9449	3.6	5.05142976
63	9471	3.7	5.05142976
63	9605	3.8	5.05142976
63	9623	3.9	5.05142976
63	9641	4	5.05142976
63	9659	4.1	5.05142976
63	9677	4.2	5.05142976
63	9695	4.3	5.05142976
63	9713	4.4	5.05142976
63	9731	4.5	5.05142976
63	9749	4.6	5.05142976
63	9767	4.7	5.05142976
63	9785	4.8	5.05142976
63	9803	4.9	5.05142976
63	9821	5	5.05142976
63	9839	5.1	5.05142976
63	9857	5.2	5.05142976
63	9875	5.3	5.05142976
64	386	0.3	-0.5089860224165
64	601	0.4	0
64	822	0.5	-2.5563589890355
64	1056	0.6	0
64	2015	0.7	-5.8943318202897
64	4024	0.8	0
64	5539	0.9	-5.8119272981936
64	7098	1	0
64	8559	1.1	-4.7212386156389
64	8593	1.2	0
64	8623	1.3	-7.003535848926
64	8653	1.4	0
64	8683	1.5	-4.0317313855631
64	8713	1.6	0
64	8743	1.7	-5.0807678719826
64	8773	1.8	0
64	8803	1.9	-5.7282620255246
64	8945	2	0
64	8971	2.1	-4.0851749230583
64	8997	2.2	0
64	9023	2.3	-4.0346591783748
64	9049	2.4	0
64	9075	2.5	-3.8081861168722
64	9101	2.6	0
64	9127	2.7	-3.3254695791075
64	9153	2.8	0
64	9179	2.9	-1.7762533151286
64	9317	3	0
64	9339	3.1	-2.763477346953
64	9361	3.2	0
64	9383	3.3	3.3945422762524
64	9405	3.4	0
64	9427	3.5	2.8398126649011
64	9449	3.6	0
64	9471	3.7	4.4936233427376
64	9605	3.8	0
64	9623	3.9	272.62770256599
64	9641	4	0
64	9659	4.1	0
64	9677	4.2	0
64	9695	4.3	0
64	9713	4.4	0
64	9731	4.5	0
64	9749	4.6	0
64	9767	4.7	0
64	9785	4.8	0
64	9803	4.9	0
64	9821	5	0
64	9839	5.1	0
64	9857	5.2	0
65	386	0.3	0.973
65	601	0.4	1.5253417930445
65	822	0.5	0.973
65	1056	0.6	1.5089188066886
65	2015	0.7	0.973
65	4024	0.8	1.4720674258694
65	5539	0.9	0.973
65	7098	1	1.4370292802514
65	8559	1.1	0.973
65	8593	1.2	1.4094398402428
65	8623	1.3	0.973
65	8653	1.4	1.3698223793044
65	8683	1.5	0.973
65	8713	1.6	1.3476602456251
65	8743	1.7	0.973
65	8773	1.8	1.320333369234
65	8803	1.9	0.973
65	8945	2	1.2902437885319
65	8971	2.1	0.973
65	8997	2.2	1.2691959803754
65	9023	2.3	0.973
65	9049	2.4	1.2487023282638
65	9075	2.5	0.973
65	9101	2.6	1.2295940410785
65	9127	2.7	0.973
65	9153	2.8	1.2130700688853
65	9179	2.9	0.973
65	9317	3	1.2042985175042
65	9339	3.1	0.973
65	9361	3.2	1.1907181575204
65	9383	3.3	2.8467593858494
65	9405	3.4	1.207410814907
65	9427	3.5	2.7872776817091
65	9449	3.6	1.2214730042924
65	9471	3.7	4.2082576665678
65	9605	3.8	1.2439385144471
65	9623	3.9	1976.1497193121
65	9641	4	5.05142976
65	9659	4.1	5.05142976
65	9677	4.2	5.05142976
65	9695	4.3	5.05142976
65	9713	4.4	5.05142976
65	9731	4.5	5.05142976
65	9749	4.6	5.05142976
65	9767	4.7	5.05142976
65	9785	4.8	5.05142976
65	9803	4.9	5.05142976
65	9821	5	5.05142976
65	9839	5.1	5.05142976
65	9857	5.2	5.05142976
66	386	0.3	-6.430460592578
66	601	0.4	0
66	822	0.5	-7.5126256793039
66	1056	0.6	0
66	2015	0.7	-9
66	4024	0.8	0
66	5539	0.9	-9
66	7098	1	0
66	8559	1.1	-9
66	8593	1.2	0
66	8623	1.3	238.11391960522
66	8653	1.4	0
66	8683	1.5	0
66	8713	1.6	0
66	8743	1.7	0
66	8773	1.8	0
66	8803	1.9	0
66	8945	2	0
66	8971	2.1	0
66	8997	2.2	0
66	9023	2.3	0
66	9049	2.4	0
66	9075	2.5	0
66	9101	2.6	0
66	9127	2.7	0
66	9153	2.8	0
66	9179	2.9	0
66	9317	3	0
66	9339	3.1	0
66	9361	3.2	0
66	9383	3.3	0
66	9405	3.4	0
66	9427	3.5	0
66	9449	3.6	0
66	9471	3.7	0
66	9605	3.8	0
66	9623	3.9	0
66	9641	4	0
66	9659	4.1	0
66	9677	4.2	0
66	9695	4.3	0
66	9713	4.4	0
66	9731	4.5	0
66	9749	4.6	0
66	9767	4.7	0
66	9785	4.8	0
66	9803	4.9	0
66	9821	5	0
66	9839	5.1	0
66	9857	5.2	0
67	386	0.3	0.973
67	601	0.4	1.6577808457603
67	822	0.5	0.973
67	1056	0.6	1.6036609421985
67	2015	0.7	0.973
67	4024	0.8	1.5424666696767
67	5539	0.9	0.973
67	7098	1	1.4848589734592
67	8559	1.1	0.973
67	8593	1.2	1.4304337883249
67	8623	1.3	1726.6150685057
67	8653	1.4	5.05142976
67	8683	1.5	5.05142976
67	8713	1.6	5.05142976
67	8743	1.7	5.05142976
67	8773	1.8	5.05142976
67	8803	1.9	5.05142976
67	8945	2	5.05142976
67	8971	2.1	5.05142976
67	8997	2.2	5.05142976
67	9023	2.3	5.05142976
67	9049	2.4	5.05142976
67	9075	2.5	5.05142976
67	9101	2.6	5.05142976
67	9127	2.7	5.05142976
67	9153	2.8	5.05142976
67	9179	2.9	5.05142976
67	9317	3	5.05142976
67	9339	3.1	5.05142976
67	9361	3.2	5.05142976
67	9383	3.3	5.05142976
67	9405	3.4	5.05142976
67	9427	3.5	5.05142976
67	9449	3.6	5.05142976
67	9471	3.7	5.05142976
67	9605	3.8	5.05142976
67	9623	3.9	5.05142976
67	9641	4	5.05142976
67	9659	4.1	5.05142976
67	9677	4.2	5.05142976
67	9695	4.3	5.05142976
67	9713	4.4	5.05142976
67	9731	4.5	5.05142976
67	9749	4.6	5.05142976
67	9767	4.7	5.05142976
67	9785	4.8	5.05142976
67	9803	4.9	5.05142976
67	9821	5	5.05142976
67	9839	5.1	5.05142976
67	9857	5.2	5.05142976
68	386	0.3	-0.15510692815297
68	601	0.4	0
68	822	0.5	-4.7361025299277
68	1056	0.6	0
68	2015	0.7	-4.4336066827916
68	4024	0.8	0
68	5539	0.9	-6.8055352910898
68	7098	1	0
68	8559	1.1	-5.4911900152748
68	8593	1.2	0
68	8623	1.3	-4.2265871495427
68	8653	1.4	0
68	8683	1.5	4.9371749502141
68	8713	1.6	0
68	8743	1.7	4.0145076438319
68	8773	1.8	0
68	8803	1.9	2.7859310164116
68	8945	2	0
68	8971	2.1	236.33583549914
68	8997	2.2	0
68	9023	2.3	0
68	9049	2.4	0
68	9075	2.5	0
68	9101	2.6	0
68	9127	2.7	0
68	9153	2.8	0
68	9179	2.9	0
68	9317	3	0
68	9339	3.1	0
68	9361	3.2	0
68	9383	3.3	0
68	9405	3.4	0
68	9427	3.5	0
68	9449	3.6	0
68	9471	3.7	0
68	9605	3.8	0
68	9623	3.9	0
68	9641	4	0
68	9659	4.1	0
68	9677	4.2	0
68	9695	4.3	0
68	9713	4.4	0
68	9731	4.5	0
68	9749	4.6	0
68	9767	4.7	0
68	9785	4.8	0
68	9803	4.9	0
68	9821	5	0
68	9839	5.1	0
68	9857	5.2	0
69	386	0.3	1.2374891487367
69	601	0.4	1.5276370852233
69	822	0.5	0.973
69	1056	0.6	1.4973549901689
69	2015	0.7	0.973
69	4024	0.8	1.4698293298448
69	5539	0.9	0.973
69	7098	1	1.4290119796874
69	8559	1.1	0.973
69	8593	1.2	1.3972394039294
69	8623	1.3	0.973
69	8653	1.4	1.3734279276541
69	8683	1.5	8.1672786483262
69	8713	1.6	1.4012961249397
69	8743	1.7	7.3144663520096
69	8773	1.8	1.424519530652
69	8803	1.9	5.7154249608455
69	8945	2	1.4409532713889
69	8971	2.1	1713.7595204188
69	8997	2.2	5.05142976
69	9023	2.3	5.05142976
69	9049	2.4	5.05142976
69	9075	2.5	5.05142976
69	9101	2.6	5.05142976
69	9127	2.7	5.05142976
69	9153	2.8	5.05142976
69	9179	2.9	5.05142976
69	9317	3	5.05142976
69	9339	3.1	5.05142976
69	9361	3.2	5.05142976
69	9383	3.3	5.05142976
69	9405	3.4	5.05142976
69	9427	3.5	5.05142976
69	9449	3.6	5.05142976
69	9471	3.7	5.05142976
69	9605	3.8	5.05142976
69	9623	3.9	5.05142976
69	9641	4	5.05142976
69	9659	4.1	5.05142976
69	9677	4.2	5.05142976
69	9695	4.3	5.05142976
69	9713	4.4	5.05142976
69	9731	4.5	5.05142976
69	9749	4.6	5.05142976
69	9767	4.7	5.05142976
69	9785	4.8	5.05142976
69	9803	4.9	5.05142976
69	9821	5	5.05142976
69	9839	5.1	5.05142976
69	9857	5.2	5.05142976
70	386	0.3	-5.3882913469661
70	601	0.4	0
70	822	0.5	-8.4916718239383
70	1056	0.6	0
70	2015	0.7	-8.711078565966
70	4024	0.8	0
70	5539	0.9	-9
70	7098	1	0
70	8559	1.1	-9
70	8593	1.2	0
70	8623	1.3	237.7618750702
70	8653	1.4	0
70	8683	1.5	0
70	8713	1.6	0
70	8743	1.7	0
70	8773	1.8	0
70	8803	1.9	0
70	8945	2	0
70	8971	2.1	0
70	8997	2.2	0
70	9023	2.3	0
70	9049	2.4	0
70	9075	2.5	0
70	9101	2.6	0
70	9127	2.7	0
70	9153	2.8	0
70	9179	2.9	0
70	9317	3	0
70	9339	3.1	0
70	9361	3.2	0
70	9383	3.3	0
70	9405	3.4	0
70	9427	3.5	0
70	9449	3.6	0
70	9471	3.7	0
70	9605	3.8	0
70	9623	3.9	0
70	9641	4	0
70	9659	4.1	0
70	9677	4.2	0
70	9695	4.3	0
70	9713	4.4	0
70	9731	4.5	0
70	9749	4.6	0
70	9767	4.7	0
70	9785	4.8	0
70	9803	4.9	0
70	9821	5	0
70	9839	5.1	0
70	9857	5.2	0
71	386	0.3	0.973
71	601	0.4	1.6655213422057
71	822	0.5	0.973
71	1056	0.6	1.6041037594975
71	2015	0.7	0.973
71	4024	0.8	1.5447903157525
71	5539	0.9	0.973
71	7098	1	1.4870499203994
71	8559	1.1	0.973
71	8593	1.2	1.4325078415688
71	8623	1.3	1724.0697865176
71	8653	1.4	5.05142976
71	8683	1.5	5.05142976
71	8713	1.6	5.05142976
71	8743	1.7	5.05142976
71	8773	1.8	5.05142976
71	8803	1.9	5.05142976
71	8945	2	5.05142976
71	8971	2.1	5.05142976
71	8997	2.2	5.05142976
71	9023	2.3	5.05142976
71	9049	2.4	5.05142976
71	9075	2.5	5.05142976
71	9101	2.6	5.05142976
71	9127	2.7	5.05142976
71	9153	2.8	5.05142976
71	9179	2.9	5.05142976
71	9317	3	5.05142976
71	9339	3.1	5.05142976
71	9361	3.2	5.05142976
71	9383	3.3	5.05142976
71	9405	3.4	5.05142976
71	9427	3.5	5.05142976
71	9449	3.6	5.05142976
71	9471	3.7	5.05142976
71	9605	3.8	5.05142976
71	9623	3.9	5.05142976
71	9641	4	5.05142976
71	9659	4.1	5.05142976
71	9677	4.2	5.05142976
71	9695	4.3	5.05142976
71	9713	4.4	5.05142976
71	9731	4.5	5.05142976
71	9749	4.6	5.05142976
71	9767	4.7	5.05142976
71	9785	4.8	5.05142976
71	9803	4.9	5.05142976
71	9821	5	5.05142976
71	9839	5.1	5.05142976
71	9857	5.2	5.05142976
72	386	0.3	-1.1694671840873
72	601	0.4	0
72	822	0.5	-3.4261412047648
72	1056	0.6	0
72	2015	0.7	-4.3107300237519
72	4024	0.8	0
72	5539	0.9	-4.9555861505618
72	7098	1	0
72	8559	1.1	-7.4573158855802
72	8593	1.2	0
72	8623	1.3	-4.752823117962
72	8653	1.4	0
72	8683	1.5	3.5712632019073
72	8713	1.6	0
72	8743	1.7	3.6273754816502
72	8773	1.8	0
72	8803	1.9	4.4803514850792
72	8945	2	0
72	8971	2.1	236.61839391089
72	8997	2.2	0
72	9023	2.3	0
72	9049	2.4	0
72	9075	2.5	0
72	9101	2.6	0
72	9127	2.7	0
72	9153	2.8	0
72	9179	2.9	0
72	9317	3	0
72	9339	3.1	0
72	9361	3.2	0
72	9383	3.3	0
72	9405	3.4	0
72	9427	3.5	0
72	9449	3.6	0
72	9471	3.7	0
72	9605	3.8	0
72	9623	3.9	0
72	9641	4	0
72	9659	4.1	0
72	9677	4.2	0
72	9695	4.3	0
72	9713	4.4	0
72	9731	4.5	0
72	9749	4.6	0
72	9767	4.7	0
72	9785	4.8	0
72	9803	4.9	0
72	9821	5	0
72	9839	5.1	0
72	9857	5.2	0
73	386	0.3	0.973
73	601	0.4	1.5210721789144
73	822	0.5	0.973
73	1056	0.6	1.4992179061545
73	2015	0.7	0.973
73	4024	0.8	1.4723947850467
73	5539	0.9	0.973
73	7098	1	1.4424327974233
73	8559	1.1	0.973
73	8593	1.2	1.3989632974953
73	8623	1.3	0.973
73	8653	1.4	1.3721810478785
73	8683	1.5	6.1495229275773
73	8713	1.6	1.3922414776495
73	8743	1.7	6.5621501322351
73	8773	1.8	1.4130172326179
73	8803	1.9	8.2829963654181
73	8945	2	1.4392742268884
73	8971	2.1	1715.8024177357
73	8997	2.2	5.05142976
73	9023	2.3	5.05142976
73	9049	2.4	5.05142976
73	9075	2.5	5.05142976
73	9101	2.6	5.05142976
73	9127	2.7	5.05142976
73	9153	2.8	5.05142976
73	9179	2.9	5.05142976
73	9317	3	5.05142976
73	9339	3.1	5.05142976
73	9361	3.2	5.05142976
73	9383	3.3	5.05142976
73	9405	3.4	5.05142976
73	9427	3.5	5.05142976
73	9449	3.6	5.05142976
73	9471	3.7	5.05142976
73	9605	3.8	5.05142976
73	9623	3.9	5.05142976
73	9641	4	5.05142976
73	9659	4.1	5.05142976
73	9677	4.2	5.05142976
73	9695	4.3	5.05142976
73	9713	4.4	5.05142976
73	9731	4.5	5.05142976
73	9749	4.6	5.05142976
73	9767	4.7	5.05142976
73	9785	4.8	5.05142976
73	9803	4.9	5.05142976
73	9821	5	5.05142976
73	9839	5.1	5.05142976
73	9857	5.2	5.05142976

