version 3
run General-0-20260502-17:01:44-109358
attr configname General
attr datetime 20260502-17:01:44
attr datetimef 20260502-170144
attr experiment General
attr inifile omnetpp.ini
attr iterationvars ""
attr iterationvarsd ""
attr iterationvarsf ""
attr measurement ""
attr network fourWay
attr processid 109358
attr repetition 0
attr replication #0
attr resultdir results
attr runnumber 0
attr seedset 0
config scheduler-class omnetpp::cRealTimeScheduler
config realtimescheduler-scaling 1
config cmdenv-express-mode true
config cmdenv-autoflush false
config cmdenv-status-frequency 1s
config **.cmdenv-log-level info
config image-path ../../images
config network fourWay
config debug-on-errors true
config print-undisposed true
config sim-time-limit 50000s
config *.node[*].appl.leaderReplicaId 0
config **.scalar-recording true
config **.vector-recording true
config *.playgroundSizeX 2500m
config *.playgroundSizeY 2500m
config *.playgroundSizeZ 50m
config *.annotations.draw true
config *.obstacles.debug false
config *.manager.updateInterval 0.1s
config *.manager.host "\"localhost\""
config *.manager.port 9999
config *.manager.autoShutdown true
config *.manager.shutdownOnIntersectionBatchCleared true
config *.manager.intersectionDepartureMinMeters 20m
config *.manager.launchConfig "xmldoc(\"osm.launchd.xml\")"
config *.manager.trafficLightModuleType "\"org.car2x.veins.nodes.TrafficLight\""
config *.tls[*].mobility.x 0
config *.tls[*].mobility.y 0
config *.tls[*].mobility.z 5
config *.tls[*].applType "\"org.car2x.veins.modules.application.traci.TraCIDemoTrafficLightApp\""
config *.tls[*].logicType "\"org.car2x.veins.modules.world.traci.trafficLight.logics.TraCITrafficLightSimpleLogic\""
config *.rsu[0].mobility.x 2000
config *.rsu[0].mobility.y 2000
config *.rsu[0].mobility.z 3
config *.rsu[*].applType "\"TraCIDemoRSU11p\""
config *.rsu[*].appl.headerLength "80 bit"
config *.rsu[*].appl.sendBeacons false
config *.rsu[*].appl.dataOnSch false
config *.rsu[*].appl.beaconInterval 1s
config *.rsu[*].appl.beaconUserPriority 7
config *.rsu[*].appl.dataUserPriority 5
config *.rsu[*].nic.phy80211p.antennaOffsetZ "1.5 m"
config *.connectionManager.sendDirect true
config *.connectionManager.maxInterfDist 2600m
config *.connectionManager.drawMaxIntfDist false
config *.connectionManagerName "\"connectionManager\""
config *.**.nic.mac1609_4.useServiceChannel false
config *.**.nic.phy80211p.txPower 20mW
config *.**.nic.mac1609_4.txPower 20mW
config *.**.nic.mac1609_4.bitrate 6Mbps
config *.**.nic.phy80211p.minPowerLevel -110dBm
config *.**.nic.mac1609_4.queueSize 1024
config *.**.nic.phy80211p.useNoiseFloor true
config *.**.nic.phy80211p.noiseFloor -98dBm
config *.**.nic.phy80211p.decider "xmldoc(\"config.xml\")"
config *.**.nic.phy80211p.analogueModels "xmldoc(\"config.xml\")"
config *.**.nic.phy80211p.usePropagationDelay true
config *.**.nic.phy80211p.antenna "xmldoc(\"antenna.xml\", \"/root/Antenna[@id='monopole']\")"
config *.node[*].nic.phy80211p.antennaOffsetY "1.895 m"
config *.node[*].nic.phy80211p.antennaOffsetZ "1.895 m"
config *.node[*].applType "\"src.IntersectionApp\""
config *.node[*].appl.headerLength "80 bit"
config *.node[*].appl.sendBeacons false
config *.node[*].appl.dataOnSch false
config *.node[*].appl.beaconInterval 1s
config *.node[*].nic.phy80211p.connectionManagerName "\"connectionManager\""
config *.node[*].veinsmobility.x 0
config *.node[*].veinsmobility.y 0
config *.node[*].veinsmobility.z 0
config *.node[*].veinsmobility.setHostSpeed false
config *.node[0].veinsmobility.accidentCount 0
config *.node[0].veinsmobility.accidentStart 73s
config *.node[0].veinsmobility.accidentDuration 50s

vector 0 fourWay.node[0].nic.phy80211p RadioState ETV
vector 1 fourWay.node[0].nic.phy80211p RadioChannel ETV
vector 2 fourWay.manager posx ETV
vector 3 fourWay.manager posy ETV
vector 4 fourWay.manager speed ETV
vector 5 fourWay.node[1].nic.phy80211p RadioState ETV
vector 6 fourWay.node[1].nic.phy80211p RadioChannel ETV
vector 7 fourWay.manager posx ETV
vector 8 fourWay.manager posy ETV
vector 9 fourWay.node[2].nic.phy80211p RadioState ETV
vector 10 fourWay.node[2].nic.phy80211p RadioChannel ETV
vector 11 fourWay.manager posx ETV
vector 12 fourWay.manager posy ETV
vector 13 fourWay.node[3].nic.phy80211p RadioState ETV
vector 14 fourWay.node[3].nic.phy80211p RadioChannel ETV
vector 15 fourWay.manager posx ETV
vector 16 fourWay.manager posy ETV
vector 17 fourWay.manager acceleration ETV
vector 18 fourWay.manager co2emission ETV
vector 19 fourWay.manager speed ETV
vector 20 fourWay.manager speed ETV
vector 21 fourWay.manager speed ETV
vector 22 fourWay.manager acceleration ETV
vector 23 fourWay.manager co2emission ETV
vector 24 fourWay.manager acceleration ETV
vector 25 fourWay.manager co2emission ETV
vector 26 fourWay.manager acceleration ETV
vector 27 fourWay.manager co2emission ETV
2	52	5.1	132.73086
2	54	5.2	132.73086
2	56	5.3	132.73086
2	61	5.4	132.73086
2	66	5.5	132.71888221268
2	71	5.6	132.71888221268
2	76	5.7	132.66499171601
2	81	5.8	132.66499171601
2	86	5.9	132.58276574061
2	91	6	132.58276574061
2	96	6.1	132.4781725661
2	101	6.2	132.4781725661
2	106	6.3	132.35409788636
2	111	6.4	132.35409788636
2	116	6.5	132.21479709747
2	121	6.6	132.21479709747
2	126	6.7	132.05841860279
2	131	6.8	132.05841860279
2	136	6.9	131.87505812494
2	141	7	131.87505812494
2	146	7.1	131.67517626485
2	151	7.2	131.67517626485
2	156	7.3	131.45796385991
2	161	7.4	131.45796385991
2	166	7.5	131.21301467605
2	171	7.6	131.21301467605
2	176	7.7	130.94428097867
2	181	7.8	130.94428097867
2	186	7.9	130.65987518744
2	191	8	130.65987518744
2	196	8.1	130.34911782688
2	201	8.2	130.34911782688
2	206	8.3	130.01639497075
2	211	8.4	130.01639497075
2	216	8.5	129.65837543205
2	221	8.6	129.65837543205
2	226	8.7	129.27727149896
2	231	8.8	129.27727149896
2	236	8.9	128.87625632027
2	241	9	128.87625632027
2	246	9.1	128.45788116067
2	251	9.2	128.45788116067
2	256	9.3	128.01091668125
2	261	9.4	128.01091668125
2	266	9.5	127.54812102225
2	271	9.6	127.54812102225
2	276	9.7	127.07002734493
2	281	9.8	127.07002734493
2	286	9.9	126.64245043264
2	291	10	126.64245043264
2	296	10.1	126.24778106782
2	301	10.2	126.24778106782
2	306	10.3	125.84203580977
2	311	10.4	125.84203580977
2	316	10.5	125.42215679164
2	321	10.6	125.42215679164
2	326	10.7	124.99048808306
2	331	10.8	124.99048808306
2	336	10.9	124.53673103779
2	341	11	124.53673103779
2	346	11.1	124.06229950142
2	351	11.2	124.06229950142
2	356	11.3	123.56911756779
2	361	11.4	123.56911756779
2	366	11.5	123.06488023685
2	371	11.6	123.06488023685
2	376	11.7	122.5401741954
2	381	11.8	122.5401741954
2	386	11.9	121.99598610946
2	391	12	121.99598610946
3	52	5.1	106.7386
3	54	5.2	106.7386
3	56	5.3	106.7386
3	61	5.4	106.7386
3	66	5.5	106.69615832141
3	71	5.6	106.69615832141
3	76	5.7	106.51094422532
3	81	5.8	106.51094422532
3	86	5.9	106.22834505391
3	91	6	106.22834505391
3	96	6.1	105.868872949
3	101	6.2	105.868872949
3	106	6.3	105.44244563672
3	111	6.4	105.44244563672
3	116	6.5	104.96368831792
3	121	6.6	104.96368831792
3	126	6.7	104.42623731402
3	131	6.8	104.42623731402
3	136	6.9	103.7960530096
3	141	7	103.7960530096
3	146	7.1	103.1090870263
3	151	7.2	103.1090870263
3	156	7.3	102.36255838543
3	161	7.4	102.36255838543
3	166	7.5	101.52070231667
3	171	7.6	101.52070231667
3	176	7.7	100.59710220313
3	181	7.8	100.59710220313
3	186	7.9	99.619639296078
3	191	8	99.619639296078
3	196	8.1	98.551609732643
3	201	8.2	98.551609732643
3	206	8.3	97.408087834631
3	211	8.4	97.408087834631
3	216	8.5	96.177624778402
3	221	8.6	96.177624778402
3	226	8.7	94.86782388892
3	231	8.8	94.86782388892
3	236	8.9	93.489590834504
3	241	9	93.489590834504
3	246	9.1	92.051693954921
3	251	9.2	92.051693954921
3	256	9.3	90.51553958369
3	261	9.4	90.51553958369
3	266	9.5	88.924975663507
3	271	9.6	88.924975663507
3	276	9.7	87.281834595017
3	281	9.8	87.281834595017
3	286	9.9	85.779115865555
3	291	10	85.779115865555
3	296	10.1	84.362468390336
3	301	10.2	84.362468390336
3	306	10.3	82.906064507398
3	311	10.4	82.906064507398
3	316	10.5	81.398928144773
3	321	10.6	81.398928144773
3	326	10.7	79.849473232222
3	331	10.8	79.849473232222
3	336	10.9	78.220733254285
3	341	11	78.220733254285
3	346	11.1	76.517783144456
3	351	11.2	76.517783144456
3	356	11.3	74.747529348808
3	361	11.4	74.747529348808
3	366	11.5	72.937592714585
3	371	11.6	72.937592714585
3	376	11.7	71.054184588371
3	381	11.8	71.054184588371
3	386	11.9	69.100846562404
3	391	12	69.100846562404
4	54	5.2	0.49500000000001
4	56	5.3	0
4	61	5.4	0
4	66	5.5	0.52
4	71	5.6	0.52
4	76	5.7	0.96423525202088
4	81	5.8	0.96423525202088
4	86	5.9	1.4712275631399
4	91	6	1.4712275631399
4	96	6.1	1.8714324826077
4	101	6.2	1.8714324826077
4	106	6.3	2.2200051485782
4	111	6.4	2.2200051485782
4	116	6.5	2.4924381765898
4	121	6.6	2.4924381765898
4	126	6.7	2.7980008817546
4	131	6.8	2.7980008817546
4	136	6.9	3.280775785445
4	141	7	3.280775785445
4	146	7.1	3.5763844761427
4	151	7.2	3.5763844761427
4	156	7.3	3.8864711020084
4	161	7.4	3.8864711020084
4	166	7.5	4.3827511822328
4	171	7.6	4.3827511822328
4	176	7.7	4.8083153875301
4	181	7.8	4.8083153875301
4	186	7.9	5.0887281928433
4	191	8	5.0887281928433
4	196	8.1	5.560223422352
4	201	8.2	5.560223422352
4	206	8.3	5.9532408642804
4	211	8.4	5.9532408642804
4	216	8.5	6.405861541488
4	221	8.6	6.405861541488
4	226	8.7	6.8188988710137
4	231	8.8	6.8188988710137
4	236	8.9	7.1751606631314
4	241	9	7.1751606631314
4	246	9.1	7.4857739734033
4	251	9.2	7.4857739734033
4	256	9.3	7.9973081342352
4	261	9.4	7.9973081342352
4	266	9.5	8.2805673799001
4	271	9.6	8.2805673799001
4	276	9.7	8.5542870422674
4	281	9.8	8.5542870422674
4	286	9.9	8.879135814159
4	291	10	8.879135814159
4	296	10.1	9.2907100945653
4	301	10.2	9.2907100945653
4	306	10.3	9.5514420444507
4	311	10.4	9.5514420444507
4	316	10.5	9.8841576772358
4	321	10.6	9.8841576772358
4	326	10.7	10.161692763324
4	331	10.8	10.161692763324
4	336	10.9	10.681663024243
4	341	11	10.681663024243
4	346	11.1	11.168350667822
4	351	11.2	11.168350667822
4	356	11.3	11.609744200207
4	361	11.4	11.609744200207
4	366	11.5	11.869993666204
4	371	11.6	11.869993666204
4	376	11.7	12.351837134141
4	381	11.8	12.351837134141
4	386	11.9	12.810454000313
4	391	12	12.810454000313
7	56	5.3	138.62388
7	61	5.4	138.62388
7	66	5.5	138.62388
7	71	5.6	138.62388
7	76	5.7	138.62347301101
7	81	5.8	138.62347301101
7	86	5.9	138.6216482721
7	91	6	138.6216482721
7	96	6.1	138.61646291098
7	101	6.2	138.61646291098
7	106	6.3	138.60574489818
7	111	6.4	138.60574489818
7	116	6.5	138.58709761793
7	121	6.6	138.58709761793
7	126	6.7	138.55828310594
7	131	6.8	138.55828310594
7	136	6.9	138.51636380939
7	141	7	138.51636380939
7	146	7.1	138.46104827942
7	151	7.2	138.46104827942
7	156	7.3	138.41323512685
7	161	7.4	138.41323512685
7	166	7.5	138.34792950749
7	171	7.6	138.34792950749
7	176	7.7	138.26194295252
7	181	7.8	138.26194295252
7	186	7.9	138.15007632224
7	191	8	138.15007632224
7	196	8.1	138.00997143862
7	201	8.2	138.00997143862
7	206	8.3	137.8279591135
7	211	8.4	137.8279591135
7	216	8.5	137.60916770694
7	221	8.6	137.60916770694
7	226	8.7	137.33158037562
7	231	8.8	137.33158037562
7	236	8.9	136.9815892171
7	241	9	136.9815892171
7	246	9.1	136.5643060467
7	251	9.2	136.5643060467
7	256	9.3	136.08769285565
7	261	9.4	136.08769285565
7	266	9.5	135.52856462489
7	271	9.6	135.52856462489
7	276	9.7	134.87426570377
7	281	9.8	134.87426570377
7	286	9.9	134.14258174611
7	291	10	134.14258174611
7	296	10.1	133.35719521951
7	301	10.2	133.35719521951
7	306	10.3	132.48586836571
7	311	10.4	132.48586836571
7	316	10.5	131.54483215175
7	321	10.6	131.54483215175
7	326	10.7	130.54194878793
7	331	10.8	130.54194878793
7	336	10.9	129.46872678961
7	341	11	129.46872678961
7	346	11.1	128.33671875419
7	351	11.2	128.33671875419
7	356	11.3	127.10907380495
7	361	11.4	127.10907380495
7	366	11.5	125.78313605527
7	371	11.6	125.78313605527
7	376	11.7	124.37426152487
7	381	11.8	124.37426152487
7	386	11.9	122.88085213909
7	391	12	122.88085213909
8	56	5.3	92.61012
8	61	5.4	92.61012
8	66	5.5	92.61012
8	71	5.6	92.61012
8	76	5.7	92.610225476481
8	81	5.8	92.610225476481
8	86	5.9	92.610698381262
8	91	6	92.610698381262
8	96	6.1	92.612042234924
8	101	6.2	92.612042234924
8	106	6.3	92.614819947106
8	111	6.4	92.614819947106
8	116	6.5	92.619652631901
8	121	6.6	92.619652631901
8	126	6.7	92.627120286815
8	131	6.8	92.627120286815
8	136	6.9	92.637984216803
8	141	7	92.637984216803
8	146	7.1	92.652470019568
8	151	7.2	92.652470019568
8	156	7.3	92.665662949513
8	161	7.4	92.665662949513
8	166	7.5	92.683682519754
8	171	7.6	92.683682519754
8	176	7.7	92.707408514275
8	181	7.8	92.707408514275
8	186	7.9	92.738275515026
8	191	8	92.738275515026
8	196	8.1	92.776934206519
8	201	8.2	92.776934206519
8	206	8.3	92.827156284027
8	211	8.4	92.827156284027
8	216	8.5	92.887526695598
8	221	8.6	92.887526695598
8	226	8.7	92.964120478243
8	231	8.8	92.964120478243
8	236	8.9	93.060692416868
8	241	9	93.060692416868
8	246	9.1	93.175832024656
8	251	9.2	93.175832024656
8	256	9.3	93.307342374883
8	261	9.4	93.307342374883
8	266	9.5	93.461620835554
8	271	9.6	93.461620835554
8	276	9.7	93.642159439787
8	281	9.8	93.642159439787
8	286	9.9	93.844050649127
8	291	10	93.844050649127
8	296	10.1	94.060759836193
8	301	10.2	94.060759836193
8	306	10.3	94.301182262302
8	311	10.4	94.301182262302
8	316	10.5	94.560839368734
8	321	10.6	94.560839368734
8	326	10.7	94.837561761004
8	331	10.8	94.837561761004
8	336	10.9	95.133692467251
8	341	11	95.133692467251
8	346	11.1	95.446043816301
8	351	11.2	95.446043816301
8	356	11.3	95.78478395246
8	361	11.4	95.78478395246
8	366	11.5	96.150645706006
8	371	11.6	96.150645706006
8	376	11.7	96.539391939641
8	381	11.8	96.539391939641
8	386	11.9	96.951463604983
8	391	12	96.951463604983
11	56	5.3	121.656
11	61	5.4	121.656
11	66	5.5	122.02920475676
11	71	5.6	122.02920475676
11	76	5.7	122.37256770077
11	81	5.8	122.37256770077
11	86	5.9	122.67769864477
11	91	6	122.67769864477
11	96	6.1	122.94459758877
11	101	6.2	122.94459758877
11	106	6.3	123.17326453277
11	111	6.4	123.17326453277
11	116	6.5	123.36369947677
11	121	6.6	123.36369947677
11	126	6.7	123.51590242078
11	131	6.8	123.51590242078
11	136	6.9	123.63355313985
11	141	7	123.63355313985
11	146	7.1	123.71297185893
11	151	7.2	123.71297185893
11	156	7.3	123.754158578
11	161	7.4	123.754158578
11	166	7.5	123.75824272635
11	171	7.6	123.75824272635
11	176	7.7	123.76232687469
11	181	7.8	123.76232687469
11	186	7.9	123.76641313823
11	191	8	123.76641313823
11	196	8.1	123.77051639353
11	201	8.2	123.77051639353
11	206	8.3	123.77466062785
11	211	8.4	123.77466062785
11	216	8.5	123.77889671115
11	221	8.6	123.77889671115
11	226	8.7	123.78431966407
11	231	8.8	123.78431966407
11	236	8.9	123.78994547348
11	241	9	123.78994547348
11	246	9.1	123.79596528079
11	251	9.2	123.79596528079
11	256	9.3	123.80293095548
11	261	9.4	123.80293095548
11	266	9.5	123.81126465253
11	271	9.6	123.81126465253
11	276	9.7	123.82085648945
11	281	9.8	123.82085648945
11	286	9.9	123.83266301544
11	291	10	123.83266301544
11	296	10.1	123.84789715397
11	301	10.2	123.84789715397
11	306	10.3	123.86756872131
11	311	10.4	123.86756872131
11	316	10.5	123.89259160548
11	321	10.6	123.89259160548
11	326	10.7	123.92444644605
11	331	10.8	123.92444644605
11	336	10.9	123.96320803641
11	341	11	123.96320803641
11	346	11.1	124.01256658018
11	351	11.2	124.01256658018
11	356	11.3	124.07361612402
11	361	11.4	124.07361612402
11	366	11.5	124.14828425598
11	371	11.6	124.14828425598
11	376	11.7	124.24549966014
11	381	11.8	124.24549966014
11	386	11.9	124.36819596305
11	391	12	124.36819596305
12	56	5.3	79.796
12	61	5.4	79.796
12	66	5.5	81.135601254972
12	71	5.6	81.135601254972
12	76	5.7	82.368086699921
12	81	5.8	82.368086699921
12	86	5.9	83.463340144871
12	91	6	83.463340144871
12	96	6.1	84.421361589821
12	101	6.2	84.421361589821
12	106	6.3	85.242151034771
12	111	6.4	85.242151034771
12	116	6.5	85.925708479721
12	121	6.6	85.925708479721
12	126	6.7	86.472033924671
12	131	6.8	86.472033924671
12	136	6.9	86.894335752459
12	141	7	86.894335752459
12	146	7.1	87.179405580247
12	151	7.2	87.179405580247
12	156	7.3	87.327243408035
12	161	7.4	87.327243408035
12	166	7.5	87.341903270084
12	171	7.6	87.341903270084
12	176	7.7	87.356563132133
12	181	7.8	87.356563132133
12	186	7.9	87.371230586553
12	191	8	87.371230586553
12	196	8.1	87.385959032128
12	201	8.2	87.385959032128
12	206	8.3	87.400834570016
12	211	8.4	87.400834570016
12	216	8.5	87.416039795575
12	221	8.6	87.416039795575
12	226	8.7	87.434853452379
12	231	8.8	87.434853452379
12	236	8.9	87.454198172454
12	241	9	87.454198172454
12	246	9.1	87.474897680517
12	251	9.2	87.474897680517
12	256	9.3	87.498849616532
12	261	9.4	87.498849616532
12	266	9.5	87.527505588463
12	271	9.6	87.527505588463
12	276	9.7	87.560487758077
12	281	9.8	87.560487758077
12	286	9.9	87.601085283479
12	291	10	87.601085283479
12	296	10.1	87.65346888267
12	301	10.2	87.65346888267
12	306	10.3	87.721110876175
12	311	10.4	87.721110876175
12	316	10.5	87.807153728743
12	321	10.6	87.807153728743
12	326	10.7	87.916688718082
12	331	10.8	87.916688718082
12	336	10.9	88.049973026236
12	341	11	88.049973026236
12	346	11.1	88.21969566392
12	351	11.2	88.21969566392
12	356	11.3	88.429618583451
12	361	11.4	88.429618583451
12	366	11.5	88.68636992457
12	371	11.6	88.68636992457
12	376	11.7	89.020651561744
12	381	11.8	89.020651561744
12	386	11.9	89.44255096509
12	391	12	89.44255096509
15	56	5.3	117.9175
15	61	5.4	117.9175
15	66	5.5	117.9175
15	71	5.6	117.9175
15	76	5.7	117.9183309338
15	81	5.8	117.9183309338
15	86	5.9	117.9220632107
15	91	6	117.9220632107
15	96	6.1	117.93269537535
15	101	6.2	117.93269537535
15	106	6.3	117.95472329592
15	111	6.4	117.95472329592
15	116	6.5	117.99313946618
15	121	6.6	117.99313946618
15	126	6.7	118.05263798738
15	131	6.8	118.05263798738
15	136	6.9	118.11374019157
15	141	7	118.11374019157
15	146	7.1	118.19559730227
15	151	7.2	118.19559730227
15	156	7.3	118.30306460449
15	161	7.4	118.30306460449
15	166	7.5	118.45106811236
15	171	7.6	118.45106811236
15	176	7.7	118.65298253076
15	181	7.8	118.65298253076
15	186	7.9	118.9055202709
15	191	8	118.9055202709
15	196	8.1	119.22303666901
15	201	8.2	119.22303666901
15	206	8.3	119.62881708029
15	211	8.4	119.62881708029
15	216	8.5	120.12759296025
15	221	8.6	120.12759296025
15	226	8.7	120.70405830635
15	231	8.8	120.70405830635
15	236	8.9	121.35140182262
15	241	9	121.35140182262
15	246	9.1	122.08377627947
15	251	9.2	122.08377627947
15	256	9.3	122.90969598689
15	261	9.4	122.90969598689
15	266	9.5	123.80949255495
15	271	9.6	123.80949255495
15	276	9.7	124.80096119067
15	281	9.8	124.80096119067
15	286	9.9	125.86142304101
15	291	10	125.86142304101
15	296	10.1	126.97642846807
15	301	10.2	126.97642846807
15	306	10.3	128.15275851499
15	311	10.4	128.15275851499
15	316	10.5	129.42424189627
15	321	10.6	129.42424189627
15	326	10.7	130.76158868149
15	331	10.8	130.76158868149
15	336	10.9	132.17413243895
15	341	11	132.17413243895
15	346	11.1	133.637765375
15	351	11.2	133.637765375
15	356	11.3	135.1753969702
15	361	11.4	135.1753969702
15	366	11.5	136.78317465791
15	371	11.6	136.78317465791
15	376	11.7	138.44895396736
15	381	11.8	138.44895396736
15	386	11.9	140.70702568728
15	391	12	140.70702568728
16	56	5.3	101.642
16	61	5.4	101.642
16	66	5.5	101.642
16	71	5.6	101.642
16	76	5.7	101.6417550932
16	81	5.8	101.6417550932
16	86	5.9	101.64065505369
16	91	6	101.64065505369
16	96	6.1	101.63752136306
16	101	6.2	101.63752136306
16	106	6.3	101.63102892331
16	111	6.4	101.63102892331
16	116	6.5	101.6197062626
16	121	6.6	101.6197062626
16	126	6.7	101.60216985635
16	131	6.8	101.60216985635
16	136	6.9	101.58515940044
16	141	7	101.58515940044
16	146	7.1	101.56255418514
16	151	7.2	101.56255418514
16	156	7.3	101.53287659838
16	161	7.4	101.53287659838
16	166	7.5	101.49200475314
16	171	7.6	101.49200475314
16	176	7.7	101.43624516351
16	181	7.8	101.43624516351
16	186	7.9	101.36650571218
16	191	8	101.36650571218
16	196	8.1	101.27882210743
16	201	8.2	101.27882210743
16	206	8.3	101.16676399196
16	211	8.4	101.16676399196
16	216	8.5	101.02902475273
16	221	8.6	101.02902475273
16	226	8.7	100.86983121229
16	231	8.8	100.86983121229
16	236	8.9	100.69106434116
16	241	9	100.69106434116
16	246	9.1	100.4888157871
16	251	9.2	100.4888157871
16	256	9.3	100.26073428449
16	261	9.4	100.26073428449
16	266	9.5	100.01225134911
16	271	9.6	100.01225134911
16	276	9.7	99.738452753188
16	281	9.8	99.738452753188
16	286	9.9	99.445601365679
16	291	10	99.445601365679
16	296	10.1	99.137687520127
16	301	10.2	99.137687520127
16	306	10.3	98.81283860048
16	311	10.4	98.81283860048
16	316	10.5	98.461712652586
16	321	10.6	98.461712652586
16	326	10.7	98.092398224623
16	331	10.8	98.092398224623
16	336	10.9	97.702317809037
16	341	11	97.702317809037
16	346	11.1	97.298128883247
16	351	11.2	97.298128883247
16	356	11.3	96.873504889472
16	361	11.4	96.873504889472
16	366	11.5	96.429509731606
16	371	11.6	96.429509731606
16	376	11.7	95.969497160758
16	381	11.8	95.969497160758
16	386	11.9	95.370305187216
16	391	12	95.370305187216
17	56	5.3	-4.9500000000001
17	61	5.4	0
17	66	5.5	5.2
17	71	5.6	0
17	76	5.7	4.4423525202088
17	81	5.8	0
17	86	5.9	5.0699231111902
17	91	6	0
17	96	6.1	4.0020491946781
17	101	6.2	0
17	106	6.3	3.4857266597053
17	111	6.4	0
17	116	6.5	2.7243302801158
17	121	6.6	0
17	126	6.7	3.0556270516478
17	131	6.8	0
17	136	6.9	4.8277490369044
17	141	7	0
17	146	7.1	2.956086906977
17	151	7.2	0
17	156	7.3	3.1008662586566
17	161	7.4	0
17	166	7.5	4.9628008022439
17	171	7.6	0
17	176	7.7	4.2556420529727
17	181	7.8	0
17	186	7.9	2.8041280531324
17	191	8	0
17	196	8.1	4.7149522950873
17	201	8.2	0
17	206	8.3	3.9301744192839
17	211	8.4	0
17	216	8.5	4.526206772076
17	221	8.6	0
17	226	8.7	4.1303732952569
17	231	8.8	0
17	236	8.9	3.5626179211773
17	241	9	0
17	246	9.1	3.1061331027187
17	251	9.2	0
17	256	9.3	5.1153416083194
17	261	9.4	0
17	266	9.5	2.8325924566481
17	271	9.6	0
17	276	9.7	2.7371966236737
17	281	9.8	0
17	286	9.9	3.2484877189156
17	291	10	0
17	296	10.1	4.1157428040635
17	301	10.2	0
17	306	10.3	2.6073194988538
17	311	10.4	0
17	316	10.5	3.3271563278511
17	321	10.6	0
17	326	10.7	2.7753508608788
17	331	10.8	0
17	336	10.9	5.1997026091907
17	341	11	0
17	346	11.1	4.8668764357921
17	351	11.2	0
17	356	11.3	4.4139353238512
17	361	11.4	0
17	366	11.5	2.6024946599733
17	371	11.6	0
17	376	11.7	4.8184346793685
17	381	11.8	0
17	386	11.9	4.5861686617136
17	391	12	0
18	56	5.3	0.973
18	61	5.4	0.973
18	66	5.5	1.7867617892096
18	71	5.6	1.1350977892096
18	76	5.7	2.1889144953348
18	81	5.8	1.1565975259796
18	86	5.9	2.9788877574692
18	91	6	1.181266197041
18	96	6.1	3.0058685077596
18	101	6.2	1.2008833765202
18	106	6.3	3.0830415797506
18	111	6.4	1.2181037771598
18	116	6.5	2.8681097551395
18	121	6.6	1.2316655793517
18	126	6.7	3.3074640947659
18	131	6.8	1.2469991232234
18	136	6.9	5.0886684373834
18	141	7	1.2715267620093
18	146	7.1	3.8346274528246
18	151	7.2	1.2867505516825
18	156	7.3	4.207300291093
18	161	7.4	1.3029063586767
18	166	7.5	6.571124716716
18	171	7.6	1.3292009356599
18	176	7.7	6.2836777563508
18	181	7.8	1.3522226870728
18	186	7.9	4.806589688197
18	191	8	1.3676533274404
18	196	8.1	7.7122064914429
18	201	8.2	1.3941051385164
18	206	8.3	7.0554185559822
18	211	8.4	1.4166752914343
18	216	8.5	8.43091711573
18	221	8.6	1.4433019282246
18	226	8.7	8.2559014862425
18	231	8.8	1.4682334164685
18	236	8.9	7.6507821391943
18	241	9	1.4902543514368
18	246	9.1	7.1135510197646
18	251	9.2	1.5098647282444
18	256	9.3	11.402100498001
18	261	9.4	1.5430404020825
18	266	9.5	7.2146743945333
18	271	9.6	1.5619054745391
18	276	9.7	7.2234434518088
18	281	9.8	1.5804849397916
18	286	9.9	8.5543438596313
18	291	10	1.6029968207335
18	296	10.1	10.847666746407
18	301	10.2	1.6322670012669
18	306	10.3	7.6530408544768
18	311	10.4	1.6512585330718
18	316	10.5	9.6015764782004
18	321	10.6	1.6760172777287
18	326	10.7	8.4938782093054
18	331	10.8	1.6971328844644
18	336	10.9	15.123365234873
18	341	11	1.7378707003387
18	346	11.1	14.877000588277
18	351	11.2	1.7774497595327
18	356	11.3	14.164574632032
18	361	11.4	1.8146115657252
18	366	11.5	9.2819813806127
18	371	11.6	1.8371069542311
18	376	11.7	16.223421449335
18	381	11.8	1.8799400326805
18	386	11.9	16.081151462278
18	391	12	1.922183916746
19	61	5.4	0.49500000000001
19	66	5.5	0
19	71	5.6	0
19	76	5.7	0.0013224232864281
19	81	5.8	0.0013224232864281
19	86	5.9	0.0059290970486664
19	91	6	0.0059290970486664
19	96	6.1	0.016848716930419
19	101	6.2	0.016848716930419
19	106	6.3	0.034825879909705
19	111	6.4	0.034825879909705
19	116	6.5	0.060590330927067
19	121	6.6	0.060590330927067
19	126	6.7	0.093626566133991
19	131	6.8	0.093626566133991
19	136	6.9	0.13620774808372
19	141	7	0.13620774808372
19	146	7.1	0.1970881259802
19	151	7.2	0.1970881259802
19	156	7.3	0.24804054515035
19	161	7.4	0.24804054515035
19	166	7.5	0.33878630783935
19	171	7.6	0.33878630783935
19	176	7.7	0.44607290719831
19	181	7.8	0.44607290719831
19	186	7.9	0.58033111106312
19	191	8	0.58033111106312
19	196	8.1	0.72682284771196
19	201	8.2	0.72682284771196
19	206	8.3	0.94422630416237
19	211	8.4	0.94422630416237
19	216	8.5	1.1350253399958
19	221	8.6	1.1350253399958
19	226	8.7	1.4400412706479
19	231	8.8	1.4400412706479
19	236	8.9	1.8156509889453
19	241	9	1.8156509889453
19	246	9.1	2.1647421158044
19	251	9.2	2.1647421158044
19	256	9.3	2.4725287785041
19	261	9.4	2.4725287785041
19	266	9.5	2.9005924876206
19	271	9.6	2.9005924876206
19	276	9.7	3.394309982642
19	281	9.8	3.394309982642
19	286	9.9	3.7957607470252
19	291	10	3.7957607470252
19	296	10.1	4.0743538486664
19	301	10.2	4.0743538486664
19	306	10.3	4.5201869398574
19	311	10.4	4.5201869398574
19	316	10.5	4.8818185571613
19	321	10.6	4.8818185571613
19	326	10.7	5.2026633444507
19	331	10.8	5.2026633444507
19	336	10.9	5.5675594516317
19	341	11	5.5675594516317
19	346	11.1	5.8725240880143
19	351	11.2	5.8725240880143
19	356	11.3	6.3686602129819
19	361	11.4	6.3686602129819
19	366	11.5	6.8785742950006
19	371	11.6	6.8785742950006
19	376	11.7	7.3088258721665
19	381	11.8	7.3088258721665
19	386	11.9	7.7473677897066
19	391	12	7.7473677897066
20	61	5.4	9.045
20	66	5.5	8.7854227109887
20	71	5.6	8.7854227109887
20	76	5.7	8.0829318267966
20	81	5.8	8.0829318267966
20	86	5.9	7.1829318267966
20	91	6	7.1829318267966
20	96	6.1	6.2829318267966
20	101	6.2	6.2829318267966
20	106	6.3	5.3829318267966
20	111	6.4	5.3829318267966
20	116	6.5	4.4829318267966
20	121	6.6	4.4829318267966
20	126	6.7	3.5829318267966
20	131	6.8	3.5829318267966
20	136	6.9	2.7695555337609
20	141	7	2.7695555337609
20	146	7.1	1.8695555337609
20	151	7.2	1.8695555337609
20	156	7.3	0.9695555337609
20	161	7.4	0.9695555337609
20	166	7.5	0.096142851842308
20	171	7.6	0.096142851842308
20	176	7.7	0.096142851842308
20	181	7.8	0.096142851842308
20	186	7.9	0.096192644414232
20	191	8	0.096192644414232
20	196	8.1	0.096592638870636
20	201	8.2	0.096592638870636
20	206	8.3	0.097557305144775
20	211	8.4	0.097557305144775
20	216	8.5	0.099719475068486
20	221	8.6	0.099719475068486
20	226	8.7	0.10329836942172
20	231	8.8	0.10329836942172
20	236	8.9	0.10070774867992
20	241	9	0.10070774867992
20	246	9.1	0.10776071442972
20	251	9.2	0.10776071442972
20	256	9.3	0.12469270908276
20	261	9.4	0.12469270908276
20	266	9.5	0.14918170995066
20	271	9.6	0.14918170995066
20	276	9.7	0.17170370186576
20	281	9.8	0.17170370186576
20	286	9.9	0.21134890395212
20	291	10	0.21134890395212
20	296	10.1	0.27270667767563
20	301	10.2	0.27270667767563
20	306	10.3	0.3521411969569
20	311	10.4	0.3521411969569
20	316	10.5	0.44793524736291
20	321	10.6	0.44793524736291
20	326	10.7	0.57023426211398
20	331	10.8	0.57023426211398
20	336	10.9	0.69387215510459
20	341	11	0.69387215510459
20	346	11.1	0.8835684711185
20	351	11.2	0.8835684711185
20	356	11.3	1.092849342871
20	361	11.4	1.092849342871
20	366	11.5	1.3366360140625
20	371	11.6	1.3366360140625
20	376	11.7	1.7402552724336
20	381	11.8	1.7402552724336
20	386	11.9	2.1963894496802
20	391	12	2.1963894496802
21	61	5.4	0.49500000000001
21	66	5.5	0
21	71	5.6	0
21	76	5.7	0.0029155571850067
21	81	5.8	0.0029155571850067
21	86	5.9	0.013095708424423
21	91	6	0.013095708424423
21	96	6.1	0.037305840867406
21	101	6.2	0.037305840867406
21	106	6.3	0.077290949378728
21	111	6.4	0.077290949378728
21	116	6.5	0.13479357985016
21	121	6.6	0.13479357985016
21	126	6.7	0.20876674107216
21	131	6.8	0.20876674107216
21	136	6.9	0.30453605687641
21	141	7	0.30453605687641
21	146	7.1	0.4245228573616
21	151	7.2	0.4245228573616
21	156	7.3	0.5573410277364
21	161	7.4	0.5573410277364
21	166	7.5	0.76756767397132
21	171	7.6	0.76756767397132
21	176	7.7	1.0471574808867
21	181	7.8	1.0471574808867
21	186	7.9	1.3096973752608
21	191	8	1.3096973752608
21	196	8.1	1.6466861268401
21	201	8.2	1.6466861268401
21	206	8.3	2.1044361103609
21	211	8.4	2.1044361103609
21	216	8.5	2.5867241087979
21	221	8.6	2.5867241087979
21	226	8.7	2.9896329565956
21	231	8.8	2.9896329565956
21	236	8.9	3.3572174347289
21	241	9	3.3572174347289
21	246	9.1	3.7982002345104
21	251	9.2	3.7982002345104
21	256	9.3	4.2833394817313
21	261	9.4	4.2833394817313
21	266	9.5	4.6664756038696
21	271	9.6	4.6664756038696
21	276	9.7	5.1419002526816
21	281	9.8	5.1419002526816
21	286	9.9	5.499709077706
21	291	10	5.499709077706
21	296	10.1	5.7825799834453
21	301	10.2	5.7825799834453
21	306	10.3	6.1006183629999
21	311	10.4	6.1006183629999
21	316	10.5	6.5940973661658
21	321	10.6	6.5940973661658
21	326	10.7	6.9356745387944
21	331	10.8	6.9356745387944
21	336	10.9	7.3256569514009
21	341	11	7.3256569514009
21	346	11.1	7.5906128469579
21	351	11.2	7.5906128469579
21	356	11.3	7.9743806339478
21	361	11.4	7.9743806339478
21	366	11.5	8.33816845106
21	371	11.6	8.33816845106
21	376	11.7	8.6389732801732
21	381	11.8	8.6389732801732
21	386	11.9	8.9473414645721
21	391	12	8.9473414645721
22	66	5.5	-4.9500000000001
22	71	5.6	0
22	76	5.7	0.013224232864281
22	81	5.8	0
22	86	5.9	0.046066737622383
22	91	6	0
22	96	6.1	0.10919619881752
22	101	6.2	0
22	106	6.3	0.17977162979286
22	111	6.4	0
22	116	6.5	0.25764451017361
22	121	6.6	0
22	126	6.7	0.33036235206925
22	131	6.8	0
22	136	6.9	0.42581181949731
22	141	7	0
22	146	7.1	0.60880377896476
22	151	7.2	0
22	156	7.3	0.50952419170146
22	161	7.4	0
22	166	7.5	0.90745762689002
22	171	7.6	0
22	176	7.7	1.0728659935896
22	181	7.8	0
22	186	7.9	1.3425820386481
22	191	8	0
22	196	8.1	1.4649173664883
22	201	8.2	0
22	206	8.3	2.1740345645041
22	211	8.4	0
22	216	8.5	1.907990358334
22	221	8.6	0
22	226	8.7	3.0501593065214
22	231	8.8	0
22	236	8.9	3.7560971829743
22	241	9	0
22	246	9.1	3.4909112685906
22	251	9.2	0
22	256	9.3	3.0778666269965
22	261	9.4	0
22	266	9.5	4.2806370911654
22	271	9.6	0
22	276	9.7	4.9371749502141
22	281	9.8	0
22	286	9.9	4.0145076438319
22	291	10	0
22	296	10.1	2.7859310164116
22	301	10.2	0
22	306	10.3	4.4583309119102
22	311	10.4	0
22	316	10.5	3.6163161730394
22	321	10.6	0
22	326	10.7	3.2084478728939
22	331	10.8	0
22	336	10.9	3.6489610718098
22	341	11	0
22	346	11.1	3.0496463638265
22	351	11.2	0
22	356	11.3	4.961361249676
22	361	11.4	0
22	366	11.5	5.0991408201866
22	371	11.6	0
22	376	11.7	4.3025157716591
22	381	11.8	0
22	386	11.9	4.3854191754013
22	391	12	0
23	66	5.5	0.973
23	71	5.6	0.973
23	76	5.7	1.1100680083156
23	81	5.8	1.1100637936996
23	86	5.9	1.110351844993
23	91	6	1.1102860196609
23	96	6.1	1.1112561781649
23	101	6.2	1.1108127825466
23	106	6.3	1.1131888342996
23	111	6.4	1.1116800043488
23	116	6.5	1.1166850927506
23	121	6.6	1.1129228981125
23	126	6.7	1.1219709182855
23	131	6.8	1.1145166213679
23	136	6.9	1.130548622648
23	141	7	1.1165708952091
23	146	7.1	1.148425345425
23	151	7.2	1.1195082384165
23	156	7.3	1.1524251062883
23	161	7.4	1.1219668856436
23	166	7.5	1.2004382903685
23	171	7.6	1.1263466436053
23	176	7.7	1.2468636817208
23	181	7.8	1.1315267565973
23	186	7.9	1.3257864803223
23	191	8	1.1380132279124
23	196	8.1	1.401698638232
23	201	8.2	1.1450974039463
23	206	8.3	1.6503473748143
23	211	8.4	1.1556272449212
23	216	8.5	1.6868024965243
23	221	8.6	1.1648887018767
23	226	8.7	2.2383010797808
23	231	8.8	1.1797434564714
23	236	8.9	2.8417024703885
23	241	9	1.1981399332615
23	246	9.1	3.0365826286069
23	251	9.2	1.2153642710042
23	256	9.3	3.0647085748194
23	261	9.4	1.2306711462126
23	266	9.5	4.2445274844279
23	271	9.6	1.2521789913115
23	276	9.7	5.3161050093605
23	281	9.8	1.2773541744461
23	286	9.9	4.9705442048657
23	291	10	1.2981595663911
23	296	10.1	4.0483543142393
23	301	10.2	1.3127949433599
23	306	10.3	6.193335529783
23	311	10.4	1.3365856418425
23	316	10.5	5.6109087340571
23	321	10.6	1.3562466781495
23	326	10.7	5.3968719259763
23	331	10.8	1.3739856580228
23	336	10.9	6.290631623147
23	341	11	1.3945219664853
23	346	11.1	5.7280977501626
23	351	11.2	1.411999412872
23	356	11.3	9.056017705226
23	361	11.4	1.441086722903
23	366	11.5	9.9249192657997
23	371	11.6	1.4718878934697
23	376	11.7	9.0772128179074
23	381	11.8	1.4986452183666
23	386	11.9	9.714774866359
23	391	12	1.5266901477673
24	66	5.5	-2.5957728901133
24	71	5.6	0
24	76	5.7	-7.024908841921
24	81	5.8	0
24	86	5.9	-9
24	91	6	0
24	96	6.1	-9
24	101	6.2	0
24	106	6.3	-9
24	111	6.4	0
24	116	6.5	-9
24	121	6.6	0
24	126	6.7	-9
24	131	6.8	0
24	136	6.9	-8.1337629303567
24	141	7	0
24	146	7.1	-9
24	151	7.2	0
24	156	7.3	-9
24	161	7.4	0
24	166	7.5	-8.7341268191859
24	171	7.6	0
24	176	7.7	0
24	181	7.8	0
24	186	7.9	0.00049792571924195
24	191	8	0
24	196	8.1	0.003999944564039
24	201	8.2	0
24	206	8.3	0.0096466627413849
24	211	8.4	0
24	216	8.5	0.021621699237112
24	221	8.6	0
24	226	8.7	0.035788943532292
24	231	8.8	0
24	236	8.9	-0.025906207417954
24	241	9	0
24	246	9.1	0.070529657498011
24	251	9.2	0
24	256	9.3	0.16931994653037
24	261	9.4	0
24	266	9.5	0.24489000867898
24	271	9.6	0
24	276	9.7	0.22521991915103
24	281	9.8	0
24	286	9.9	0.39645202086362
24	291	10	0
24	296	10.1	0.61357773723513
24	301	10.2	0
24	306	10.3	0.79434519281262
24	311	10.4	0
24	316	10.5	0.95794050406014
24	321	10.6	0
24	326	10.7	1.2229901475107
24	331	10.8	0
24	336	10.9	1.2363789299061
24	341	11	0
24	346	11.1	1.8969631601391
24	351	11.2	0
24	356	11.3	2.0928087175255
24	361	11.4	0
24	366	11.5	2.4378667119142
24	371	11.6	0
24	376	11.7	4.0361925837117
24	381	11.8	0
24	386	11.9	4.5613417724653
24	391	12	0
25	66	5.5	0.973
25	71	5.6	1.5964500797169
25	76	5.7	0.973
25	81	5.8	1.5487048597111
25	86	5.9	0.973
25	91	6	1.4907402299615
25	96	6.1	0.973
25	101	6.2	1.4360004590305
25	106	6.3	0.973
25	111	6.4	1.3840814816973
25	116	6.5	0.973
25	121	6.6	1.3345792327405
25	126	6.7	0.973
25	131	6.8	1.2870896469391
25	136	6.9	0.973
25	141	7	1.2455658284948
25	146	7.1	0.973
25	151	7.2	1.2007910125595
25	156	7.3	0.973
25	161	7.4	1.1568555548132
25	166	7.5	0.973
25	171	7.6	1.1146380132692
25	176	7.7	1.1146380132692
25	181	7.8	1.1146380132692
25	186	7.9	1.1146519585173
25	191	8	1.1146404153905
25	196	8.1	1.1147528261664
25	201	8.2	1.1146597121531
25	206	8.3	1.1149330558569
25	211	8.4	1.1147062501735
25	216	8.5	1.1153301802649
25	221	8.6	1.1148105590809
25	226	8.7	1.1158741775876
25	231	8.8	1.1149832151656
25	236	8.9	1.1142294777965
25	241	9	1.1148582361505
25	246	9.1	1.1170301710967
25	251	9.2	1.1151984924631
25	256	9.3	1.1211035794294
25	261	9.4	1.1160153553863
25	266	9.5	1.126001311961
25	271	9.6	1.117196832392
25	276	9.7	1.1276031878364
25	281	9.8	1.118283454218
25	286	9.9	1.1403896609586
25	291	10	1.1201963432395
25	296	10.1	1.1634829894966
25	301	10.2	1.1231572436583
25	306	10.3	1.1944042469689
25	311	10.4	1.1269913252233
25	316	10.5	1.2350286703263
25	321	10.6	1.1316166990148
25	326	10.7	1.3055964329539
25	331	10.8	1.1375252298283
25	336	10.9	1.3502544817802
25	341	11	1.1435032538388
25	346	11.1	1.5566264038632
25	351	11.2	1.1526870656227
25	356	11.3	1.7140366625155
25	361	11.4	1.1628396262752
25	366	11.5	1.9600081718568
25	371	11.6	1.1746999247013
25	376	11.7	2.8872220899904
25	381	11.8	1.1944367827192
25	386	11.9	3.6313870321784
25	391	12	1.2169326423302
26	66	5.5	-4.9500000000001
26	71	5.6	0
26	76	5.7	0.029155571850067
26	81	5.8	0
26	86	5.9	0.10180151239416
26	91	6	0
26	96	6.1	0.24210132442983
26	101	6.2	0
26	106	6.3	0.39985108511322
26	111	6.4	0
26	116	6.5	0.57502630471433
26	121	6.6	0
26	126	6.7	0.73973161221994
26	131	6.8	0
26	136	6.9	0.95769315804251
26	141	7	0
26	146	7.1	1.199868004852
26	151	7.2	0
26	156	7.3	1.328181703748
26	161	7.4	0
26	166	7.5	2.1022664623491
26	171	7.6	0
26	176	7.7	2.7958980691538
26	181	7.8	0
26	186	7.9	2.6253989437412
26	191	8	0
26	196	8.1	3.3698875157926
26	201	8.2	0
26	206	8.3	4.5774998352087
26	211	8.4	0
26	216	8.5	4.8228799843695
26	221	8.6	0
26	226	8.7	4.0290884779766
26	231	8.8	0
26	236	8.9	3.6758447813336
26	241	9	0
26	246	9.1	4.4098279978149
26	251	9.2	0
26	256	9.3	4.8513924722094
26	261	9.4	0
26	266	9.5	3.8313612213824
26	271	9.6	0
26	276	9.7	4.7542464881204
26	281	9.8	0
26	286	9.9	3.578088250244
26	291	10	0
26	296	10.1	2.8287090573926
26	301	10.2	0
26	306	10.3	3.1803837955464
26	311	10.4	0
26	316	10.5	4.9347900316585
26	321	10.6	0
26	326	10.7	3.415771726286
26	331	10.8	0
26	336	10.9	3.8998241260648
26	341	11	0
26	346	11.1	2.6495589555707
26	351	11.2	0
26	356	11.3	3.8376778698992
26	361	11.4	0
26	366	11.5	3.6378781711217
26	371	11.6	0
26	376	11.7	3.0080482911318
26	381	11.8	0
26	386	11.9	3.0836818439886
26	391	12	0
27	66	5.5	0.973
27	71	5.6	0.973
27	76	5.7	1.1101611326225
27	81	5.8	1.1101406464809
27	86	5.9	1.1109530294464
27	91	6	1.1106317371819
27	96	6.1	1.1139763007891
27	101	6.2	1.1117996385597
27	106	6.3	1.1211766317167
27	111	6.4	1.1137285580519
27	116	6.5	1.1351825433807
27	121	6.6	1.1165026685377
27	126	6.7	1.1572897053922
27	131	6.8	1.1200717481259
27	136	6.9	1.194981584102
27	141	7	1.1246934284725
27	146	7.1	1.2532445562279
27	151	7.2	1.1304860503037
27	156	7.3	1.3153024119363
27	161	7.4	1.1369021243915
27	166	7.5	1.5359544988309
27	171	7.6	1.1470692401948
27	176	7.7	1.8662076353334
27	181	7.8	1.1606209508158
27	186	7.9	2.0020605570749
27	191	8	1.173387333618
27	196	8.1	2.5271930530466
27	201	8.2	1.1898486209212
27	206	8.3	3.5339454354856
27	211	8.4	1.212378951925
27	216	8.5	4.2429683203371
27	221	8.6	1.2363824773499
27	226	8.7	4.1596528184617
27	231	8.8	1.2566883550513
27	236	8.9	4.2495347386308
27	241	9	1.2754476835034
27	246	9.1	5.3348947404734
27	251	9.2	1.2982869942298
27	256	9.3	6.3319068029341
27	261	9.4	1.3238880217952
27	266	9.5	5.6533258956691
27	271	9.6	1.3444980613936
27	276	9.7	7.2620564914737
27	281	9.8	1.3706039377966
27	286	9.9	6.1331781710832
27	291	10	1.3906730632844
27	296	10.1	5.3489079352566
27	301	10.2	1.4068139690579
27	306	10.3	6.1012246338193
27	311	10.4	1.4252684577554
27	316	10.5	9.2968437361484
27	321	10.6	1.4545866221163
27	326	10.7	7.1848514970734
27	331	10.8	1.4753973779204
27	336	10.9	8.38478136309
27	341	11	1.4997068969683
27	346	11.1	6.3635112719668
27	351	11.2	1.5165731964573
27	356	11.3	8.916877242318
27	361	11.4	1.5415291578199
27	366	11.5	8.8760974346775
27	371	11.6	1.565786354823
27	376	11.7	7.8490388377089
27	381	11.8	1.5863046738822
27	386	11.9	8.2571605929397
27	391	12	1.6077887762093

