version 3
run SixteenVehiclesAmbulanceBFT-0-20260413-15:16:56-331726
attr configname SixteenVehiclesAmbulanceBFT
attr datetime 20260413-15:16:56
attr datetimef 20260413-151656
attr experiment SixteenVehiclesAmbulanceBFT
attr inifile omnetpp.ini
attr iterationvars ""
attr iterationvarsd ""
attr iterationvarsf ""
attr measurement ""
attr network fourWay
attr processid 331726
attr repetition 0
attr replication #0
attr resultdir results
attr runnumber 0
attr seedset 0
config extends SixteenVehiclesBFTOverV2V
config description "16 vehicles; veh15 auto-issues Emergency_CA cert (ambulanceReplicaId matches SUMO veh id, not node index)"
config *.node[*].appl.ambulanceReplicaId 15
config extends BFTOverV2V
config description "BFT test on 16-vehicle routes"
config *.manager.launchConfig "xmldoc(\"bft_16veh.launchd.xml\")"
config *.node[*].appl.intersectionX 300m
config *.node[*].appl.intersectionY 300m
config *.node[*].appl.stopDistance 200m
config *.node[*].appl.consensusTimeoutSec 120s
config *.intersection[*].appl.orderDelayGap 0.0s
config *.node[0].appl.replicaId 0
config *.node[1].appl.replicaId 1
config *.node[2].appl.replicaId 2
config *.node[3].appl.replicaId 3
config *.node[4].appl.replicaId 4
config *.node[5].appl.replicaId 5
config *.node[6].appl.replicaId 6
config *.node[7].appl.replicaId 7
config *.node[8].appl.replicaId 8
config *.node[9].appl.replicaId 9
config *.node[10].appl.replicaId 10
config *.node[11].appl.replicaId 11
config *.node[12].appl.replicaId 12
config *.node[13].appl.replicaId 13
config *.node[14].appl.replicaId 14
config *.node[15].appl.replicaId 15
config extends WithChannelSwitching
config *.node[*].applType "\"org.car2x.veins.modules.bftsmart.V2VProxyModule\""
config *.node[0].appl.replicaId 0
config *.node[1].appl.replicaId 1
config *.node[2].appl.replicaId 2
config *.node[3].appl.replicaId 3
config *.node[*].appl.intersectionX 104m
config *.node[*].appl.intersectionY 82m
config *.node[*].appl.stopDistance 50m
config *.node[*].appl.intersectionWidth 15m
config *.node[*].appl.avgSpeed 14mps
config *.node[*].appl.safetyGap 1.5s
config *.node[*].appl.stopSignTimeoutSec 10.0s
config *.node[*].appl.gatewayHost "\"\""
config *.node[*].appl.gatewayPort 0
config *.node[*].appl.carId "\"\""
config *.node[*].appl.direction "\"\""
config *.connectionManager.pMax 20mW
config *.connectionManager.sat -89dBm
config *.connectionManager.alpha 2.0
config *.connectionManager.carrierFrequency "5.890e9 Hz"
config *.node[*].nic.phy80211p.collectCollisionStatistics true
config *.node[*].nic.phy80211p.ccaThreshold -90dBm
config *.node[*].nic.mac1609_4.cwMin 3
config *.node[*].nic.mac1609_4.cwMax 7
config *.**.nic.mac1609_4.useServiceChannel false
config *.node[*].appl.dataOnSch false
config *.rsu[*].appl.dataOnSch false
config *.node[*].nic.mac1609_4.useServiceChannel false
config *.node[0].appl.gatewayHost "\"127.0.0.1\""
config *.node[0].appl.gatewayPort 9001
config *.node[0].appl.carId "\"CAR_0\""
config *.node[0].appl.direction "\"straight\""
config *.node[0].appl.stopDistance 50m
config *.node[0].appl.intersectionX 104m
config *.node[0].appl.intersectionY 82m
config *.node[1].appl.gatewayHost "\"127.0.0.1\""
config *.node[1].appl.gatewayPort 9002
config *.node[1].appl.carId "\"CAR_1\""
config *.node[1].appl.direction "\"right\""
config *.node[1].appl.stopDistance 50m
config *.node[1].appl.intersectionX 104m
config *.node[1].appl.intersectionY 82m
config *.node[2].appl.gatewayHost "\"127.0.0.1\""
config *.node[2].appl.gatewayPort 9003
config *.node[2].appl.carId "\"CAR_2\""
config *.node[2].appl.direction "\"left\""
config *.node[2].appl.stopDistance 50m
config *.node[2].appl.intersectionX 104m
config *.node[2].appl.intersectionY 82m
config *.node[3].appl.gatewayHost "\"127.0.0.1\""
config *.node[3].appl.gatewayPort 9004
config *.node[3].appl.carId "\"CAR_3\""
config *.node[3].appl.direction "\"right\""
config *.node[3].appl.stopDistance 50m
config *.node[3].appl.intersectionX 104m
config *.node[3].appl.intersectionY 82m
config scheduler-class omnetpp::cRealTimeScheduler
config realtimescheduler-scaling 0.1
config cmdenv-express-mode false
config cmdenv-autoflush false
config cmdenv-status-frequency 1s
config **.cmdenv-log-level info
config image-path ../../images
config network fourWay
config debug-on-errors true
config print-undisposed true
config sim-time-limit 50000s
config **.scalar-recording true
config **.vector-recording true
config *.playgroundSizeX 2500m
config *.playgroundSizeY 2500m
config *.playgroundSizeZ 50m
config *.annotations.draw true
config *.obstacles.debug false
config *.manager.updateInterval 0.1s
config *.manager.host "\"localhost\""
config *.manager.port 9999
config *.manager.autoShutdown true
config *.manager.launchConfig "xmldoc(\"osm.launchd.xml\")"
config *.manager.trafficLightModuleType "\"org.car2x.veins.nodes.TrafficLight\""
config *.tls[*].mobility.x 0
config *.tls[*].mobility.y 0
config *.tls[*].mobility.z 5
config *.tls[*].applType "\"org.car2x.veins.modules.application.traci.TraCIDemoTrafficLightApp\""
config *.tls[*].logicType "\"org.car2x.veins.modules.world.traci.trafficLight.logics.TraCITrafficLightSimpleLogic\""
config *.rsu[0].mobility.x 2000
config *.rsu[0].mobility.y 2000
config *.rsu[0].mobility.z 3
config *.rsu[*].applType "\"TraCIDemoRSU11p\""
config *.rsu[*].appl.headerLength "80 bit"
config *.rsu[*].appl.sendBeacons false
config *.rsu[*].appl.dataOnSch false
config *.rsu[*].appl.beaconInterval 1s
config *.rsu[*].appl.beaconUserPriority 7
config *.rsu[*].appl.dataUserPriority 5
config *.rsu[*].nic.phy80211p.antennaOffsetZ "1.5 m"
config *.connectionManager.sendDirect true
config *.connectionManager.maxInterfDist 2600m
config *.connectionManager.drawMaxIntfDist false
config *.connectionManagerName "\"connectionManager\""
config *.**.nic.mac1609_4.useServiceChannel false
config *.**.nic.phy80211p.txPower 20mW
config *.**.nic.mac1609_4.txPower 20mW
config *.**.nic.mac1609_4.bitrate 6Mbps
config *.**.nic.phy80211p.minPowerLevel -110dBm
config *.**.nic.mac1609_4.queueSize 1024
config *.**.nic.phy80211p.useNoiseFloor true
config *.**.nic.phy80211p.noiseFloor -98dBm
config *.**.nic.phy80211p.decider "xmldoc(\"config.xml\")"
config *.**.nic.phy80211p.analogueModels "xmldoc(\"config.xml\")"
config *.**.nic.phy80211p.usePropagationDelay true
config *.**.nic.phy80211p.antenna "xmldoc(\"antenna.xml\", \"/root/Antenna[@id='monopole']\")"
config *.node[*].nic.phy80211p.antennaOffsetY "1.895 m"
config *.node[*].nic.phy80211p.antennaOffsetZ "1.895 m"
config *.node[*].applType "\"src.IntersectionApp\""
config *.node[*].appl.headerLength "80 bit"
config *.node[*].appl.sendBeacons false
config *.node[*].appl.dataOnSch false
config *.node[*].appl.beaconInterval 1s
config *.node[*].nic.phy80211p.connectionManagerName "\"connectionManager\""
config *.node[*].veinsmobility.x 0
config *.node[*].veinsmobility.y 0
config *.node[*].veinsmobility.z 0
config *.node[*].veinsmobility.setHostSpeed false
config *.node[0].veinsmobility.accidentCount 0
config *.node[0].veinsmobility.accidentStart 73s
config *.node[0].veinsmobility.accidentDuration 50s

vector 0 fourWay.tls[0].nic.phy80211p RadioState ETV
vector 1 fourWay.tls[0].nic.phy80211p RadioChannel ETV
vector 2 fourWay.node[0].appl bftMsgSent:vector ETV
attr recordingmode vector
attr source bftMsgSent
attr title "BFT messages sent"
vector 3 fourWay.node[0].appl bftMsgReceived:vector ETV
attr recordingmode vector
attr source bftMsgReceived
attr title "BFT messages received"
vector 4 fourWay.node[0].nic.phy80211p RadioState ETV
vector 5 fourWay.node[0].nic.phy80211p RadioChannel ETV
vector 6 fourWay.manager posx ETV
vector 7 fourWay.manager posy ETV
vector 8 fourWay.manager speed ETV
vector 9 fourWay.node[1].appl bftMsgSent:vector ETV
attr recordingmode vector
attr source bftMsgSent
attr title "BFT messages sent"
vector 10 fourWay.node[1].appl bftMsgReceived:vector ETV
attr recordingmode vector
attr source bftMsgReceived
attr title "BFT messages received"
vector 11 fourWay.node[1].nic.phy80211p RadioState ETV
vector 12 fourWay.node[1].nic.phy80211p RadioChannel ETV
vector 13 fourWay.manager posx ETV
vector 14 fourWay.manager posy ETV
vector 15 fourWay.node[2].appl bftMsgSent:vector ETV
attr recordingmode vector
attr source bftMsgSent
attr title "BFT messages sent"
vector 16 fourWay.node[2].appl bftMsgReceived:vector ETV
attr recordingmode vector
attr source bftMsgReceived
attr title "BFT messages received"
vector 17 fourWay.node[2].nic.phy80211p RadioState ETV
vector 18 fourWay.node[2].nic.phy80211p RadioChannel ETV
vector 19 fourWay.manager posx ETV
vector 20 fourWay.manager posy ETV
vector 21 fourWay.node[3].appl bftMsgSent:vector ETV
attr recordingmode vector
attr source bftMsgSent
attr title "BFT messages sent"
vector 22 fourWay.node[3].appl bftMsgReceived:vector ETV
attr recordingmode vector
attr source bftMsgReceived
attr title "BFT messages received"
vector 23 fourWay.node[3].nic.phy80211p RadioState ETV
vector 24 fourWay.node[3].nic.phy80211p RadioChannel ETV
vector 25 fourWay.manager posx ETV
vector 26 fourWay.manager posy ETV
vector 27 fourWay.node[4].appl bftMsgSent:vector ETV
attr recordingmode vector
attr source bftMsgSent
attr title "BFT messages sent"
vector 28 fourWay.node[4].appl bftMsgReceived:vector ETV
attr recordingmode vector
attr source bftMsgReceived
attr title "BFT messages received"
vector 29 fourWay.node[4].nic.phy80211p RadioState ETV
vector 30 fourWay.node[4].nic.phy80211p RadioChannel ETV
vector 31 fourWay.manager posx ETV
vector 32 fourWay.manager posy ETV
vector 33 fourWay.node[5].appl bftMsgSent:vector ETV
attr recordingmode vector
attr source bftMsgSent
attr title "BFT messages sent"
vector 34 fourWay.node[5].appl bftMsgReceived:vector ETV
attr recordingmode vector
attr source bftMsgReceived
attr title "BFT messages received"
vector 35 fourWay.node[5].nic.phy80211p RadioState ETV
vector 36 fourWay.node[5].nic.phy80211p RadioChannel ETV
vector 37 fourWay.manager posx ETV
vector 38 fourWay.manager posy ETV
vector 39 fourWay.node[6].appl bftMsgSent:vector ETV
attr recordingmode vector
attr source bftMsgSent
attr title "BFT messages sent"
vector 40 fourWay.node[6].appl bftMsgReceived:vector ETV
attr recordingmode vector
attr source bftMsgReceived
attr title "BFT messages received"
vector 41 fourWay.node[6].nic.phy80211p RadioState ETV
vector 42 fourWay.node[6].nic.phy80211p RadioChannel ETV
vector 43 fourWay.manager posx ETV
vector 44 fourWay.manager posy ETV
vector 45 fourWay.node[7].appl bftMsgSent:vector ETV
attr recordingmode vector
attr source bftMsgSent
attr title "BFT messages sent"
vector 46 fourWay.node[7].appl bftMsgReceived:vector ETV
attr recordingmode vector
attr source bftMsgReceived
attr title "BFT messages received"
vector 47 fourWay.node[7].nic.phy80211p RadioState ETV
vector 48 fourWay.node[7].nic.phy80211p RadioChannel ETV
vector 49 fourWay.manager posx ETV
vector 50 fourWay.manager posy ETV
vector 51 fourWay.node[8].appl bftMsgSent:vector ETV
attr recordingmode vector
attr source bftMsgSent
attr title "BFT messages sent"
vector 52 fourWay.node[8].appl bftMsgReceived:vector ETV
attr recordingmode vector
attr source bftMsgReceived
attr title "BFT messages received"
vector 53 fourWay.node[8].nic.phy80211p RadioState ETV
vector 54 fourWay.node[8].nic.phy80211p RadioChannel ETV
vector 55 fourWay.manager posx ETV
vector 56 fourWay.manager posy ETV
vector 57 fourWay.node[9].appl bftMsgSent:vector ETV
attr recordingmode vector
attr source bftMsgSent
attr title "BFT messages sent"
vector 58 fourWay.node[9].appl bftMsgReceived:vector ETV
attr recordingmode vector
attr source bftMsgReceived
attr title "BFT messages received"
vector 59 fourWay.node[9].nic.phy80211p RadioState ETV
vector 60 fourWay.node[9].nic.phy80211p RadioChannel ETV
vector 61 fourWay.manager posx ETV
vector 62 fourWay.manager posy ETV
vector 63 fourWay.node[10].appl bftMsgSent:vector ETV
attr recordingmode vector
attr source bftMsgSent
attr title "BFT messages sent"
vector 64 fourWay.node[10].appl bftMsgReceived:vector ETV
attr recordingmode vector
attr source bftMsgReceived
attr title "BFT messages received"
vector 65 fourWay.node[10].nic.phy80211p RadioState ETV
vector 66 fourWay.node[10].nic.phy80211p RadioChannel ETV
vector 67 fourWay.manager posx ETV
vector 68 fourWay.manager posy ETV
vector 69 fourWay.node[11].appl bftMsgSent:vector ETV
attr recordingmode vector
attr source bftMsgSent
attr title "BFT messages sent"
vector 70 fourWay.node[11].appl bftMsgReceived:vector ETV
attr recordingmode vector
attr source bftMsgReceived
attr title "BFT messages received"
vector 71 fourWay.node[11].nic.phy80211p RadioState ETV
vector 72 fourWay.node[11].nic.phy80211p RadioChannel ETV
vector 73 fourWay.manager posx ETV
vector 74 fourWay.manager posy ETV
vector 75 fourWay.node[12].appl bftMsgSent:vector ETV
attr recordingmode vector
attr source bftMsgSent
attr title "BFT messages sent"
vector 76 fourWay.node[12].appl bftMsgReceived:vector ETV
attr recordingmode vector
attr source bftMsgReceived
attr title "BFT messages received"
vector 77 fourWay.node[12].nic.phy80211p RadioState ETV
vector 78 fourWay.node[12].nic.phy80211p RadioChannel ETV
vector 79 fourWay.manager posx ETV
vector 80 fourWay.manager posy ETV
vector 81 fourWay.node[13].appl bftMsgSent:vector ETV
attr recordingmode vector
attr source bftMsgSent
attr title "BFT messages sent"
vector 82 fourWay.node[13].appl bftMsgReceived:vector ETV
attr recordingmode vector
attr source bftMsgReceived
attr title "BFT messages received"
vector 83 fourWay.node[13].nic.phy80211p RadioState ETV
vector 84 fourWay.node[13].nic.phy80211p RadioChannel ETV
vector 85 fourWay.manager posx ETV
vector 86 fourWay.manager posy ETV
vector 87 fourWay.node[14].appl bftMsgSent:vector ETV
attr recordingmode vector
attr source bftMsgSent
attr title "BFT messages sent"
vector 88 fourWay.node[14].appl bftMsgReceived:vector ETV
attr recordingmode vector
attr source bftMsgReceived
attr title "BFT messages received"
vector 89 fourWay.node[14].nic.phy80211p RadioState ETV
vector 90 fourWay.node[14].nic.phy80211p RadioChannel ETV
vector 91 fourWay.manager posx ETV
vector 92 fourWay.manager posy ETV
vector 93 fourWay.node[15].appl bftMsgSent:vector ETV
attr recordingmode vector
attr source bftMsgSent
attr title "BFT messages sent"
vector 94 fourWay.node[15].appl bftMsgReceived:vector ETV
attr recordingmode vector
attr source bftMsgReceived
attr title "BFT messages received"
vector 95 fourWay.node[15].nic.phy80211p RadioState ETV
vector 96 fourWay.node[15].nic.phy80211p RadioChannel ETV
vector 97 fourWay.manager posx ETV
vector 98 fourWay.manager posy ETV
vector 99 fourWay.manager acceleration ETV
vector 100 fourWay.manager co2emission ETV
vector 101 fourWay.manager speed ETV
vector 102 fourWay.manager speed ETV
vector 103 fourWay.manager speed ETV
vector 104 fourWay.manager speed ETV
vector 105 fourWay.manager speed ETV
vector 106 fourWay.manager speed ETV
vector 107 fourWay.manager speed ETV
vector 108 fourWay.manager speed ETV
vector 109 fourWay.manager speed ETV
vector 110 fourWay.manager speed ETV
vector 111 fourWay.manager speed ETV
vector 112 fourWay.manager speed ETV
vector 113 fourWay.manager speed ETV
vector 114 fourWay.manager speed ETV
vector 115 fourWay.manager speed ETV
vector 116 fourWay.manager acceleration ETV
vector 117 fourWay.manager co2emission ETV
vector 118 fourWay.manager acceleration ETV
vector 119 fourWay.manager co2emission ETV
vector 120 fourWay.manager acceleration ETV
vector 121 fourWay.manager co2emission ETV
vector 122 fourWay.manager acceleration ETV
vector 123 fourWay.manager co2emission ETV
vector 124 fourWay.manager acceleration ETV
vector 125 fourWay.manager co2emission ETV
vector 126 fourWay.manager acceleration ETV
vector 127 fourWay.manager co2emission ETV
vector 128 fourWay.manager acceleration ETV
vector 129 fourWay.manager co2emission ETV
vector 130 fourWay.manager acceleration ETV
vector 131 fourWay.manager co2emission ETV
vector 132 fourWay.manager acceleration ETV
vector 133 fourWay.manager co2emission ETV
vector 134 fourWay.manager acceleration ETV
vector 135 fourWay.manager co2emission ETV
vector 136 fourWay.manager acceleration ETV
vector 137 fourWay.manager co2emission ETV
vector 138 fourWay.manager acceleration ETV
vector 139 fourWay.manager co2emission ETV
vector 140 fourWay.manager acceleration ETV
vector 141 fourWay.manager co2emission ETV
vector 142 fourWay.manager acceleration ETV
vector 143 fourWay.manager co2emission ETV
vector 144 fourWay.manager acceleration ETV
vector 145 fourWay.manager co2emission ETV
88	37509	2.400297793639	1
88	37628	2.403612793639	2
88	37738	2.404836793639	3
88	37852	2.408177793639	4
88	38098	2.443396851902	5
88	38267	2.450873920956	6
88	38382	2.45356699294	7
88	38500	2.456702000338	8
88	38605	2.458277072223	9
88	38732	2.462270256843	10
88	38841	2.463507275344	11
88	38958	2.466835275344	12
88	39080	2.468267475745	13
88	39342	2.472106811443	14
88	39483	2.476620028663	15
88	39587	2.478052029541	16
88	39810	2.482138256025	17
88	39900	2.4835833015	18
88	40039	2.486705574585	19
88	40141	2.48990567053	20
88	40366	2.494888890182	21
88	40472	2.496489890181	22
88	40600	2.498910010127	23
88	40752	2.502749033831	24
88	40856	2.504168172921	25
88	40993	2.505587355942	26
88	41082	2.507032415439	27
88	41384	2.511253593094	28
88	41497	2.512672666659	29
88	41759	2.516230762029	30
88	41869	2.51826583386	31
88	42146	2.522382976547	32
88	42255	2.523801976547	33
88	42391	2.525221173066	34
88	42656	2.528701357953	35
88	42775	2.530120602521	36
88	42876	2.532168667903	37
88	42985	2.53360074055	38
88	43096	2.53564874055	39
88	43217	2.537696814724	40
88	43316	2.539744995817	41
88	43693	2.544683135578	42
88	43972	2.548766262082	43
88	44138	2.550840391143	44
88	44234	2.5522595	45
88	44343	2.5543335	46
88	44461	2.557265574777	47
88	44587	2.559976742875	48
88	44690	2.561408905305	49
88	44806	2.563483021541	50
88	44930	2.565518239097	51
88	45221	2.568972515263	52
88	45334	2.571007515263	53
88	45610	2.574487837397	54
88	45702	2.576523052194	55
88	46073	2.58001638074	56
88	46196	2.584781382075	57
88	46288	2.586826395523	58
88	46409	2.591344450494	59
88	46538	2.593418628149	60
88	46654	2.596194701714	61
88	46787	2.600777797084	62
88	46890	2.602851868915	63
88	46992	2.607746945657	64
88	47314	2.611012154712	65
88	47418	2.621874227359	66
88	47527	2.627081301533	67
88	47718	2.631164442537	68
88	47815	2.635513442537	69
88	47926	2.637574590389	70
88	48038	2.640116706625	71
88	48158	2.647286773378	72
88	48296	2.65515884537	73
88	48400	2.659572918935	74
87	1333	0.600531083597	1
87	3090	0.8	2
87	3375	0.825937176319	3
87	3814	0.850406518579	4
87	4227	0.875915972015	5
87	4882	0.901124574825	6
87	5508	0.925644096935	7
87	6364	0.950681919439	8
87	7196	0.975746054502	9
87	9388	1.026097709368	10
87	10670	1.050895043123	11
87	11914	1.075866354585	12
87	13476	1.100477223689	13
87	14941	1.126060965336	14
87	15248	1.127605362021	15
87	16540	1.150362819913	16
87	18103	1.176160747912	17
87	38010	2.435995681927	18
87	38238	2.45	20
87	40649	2.499645185083	21
87	40680	2.5	23
87	42345	2.524450441933	24
87	46266	2.586651703851	26
87	46763	2.6	28
143	824	0.5	0.973
143	1256	0.6	1.6577808457603
143	2106	0.7	0.973
143	3093	0.8	1.6003400304132
143	4790	0.9	0.973
143	8272	1	1.5393448505489
143	13373	1.1	0.973
143	19882	1.2	1.4913647142957
143	25973	1.3	0.973
143	30245	1.4	1.4365913907047
143	32787	1.5	0.973
143	33675	1.6	1.3852024326432
143	34149	1.7	0.973
143	34615	1.8	1.3356510900667
143	35085	1.9	0.973
143	35545	2	1.2881213496033
143	36016	2.1	0.973
143	36485	2.2	1.242209146032
143	36950	2.3	0.973
143	37454	2.4	1.1975104141316
143	40650	2.5	0.973
143	46733	2.6	1.1536210886809
143	48429	2.7	2108.7759436029
143	48491	2.8	5.05142976
143	48553	2.9	5.05142976
143	48615	3	5.05142976
143	48677	3.1	5.05142976
143	48739	3.2	5.05142976
143	48801	3.3	5.05142976
143	49071	3.4	5.05142976
143	49129	3.5	5.05142976
143	49187	3.6	5.05142976
143	49245	3.7	5.05142976
143	49303	3.8	5.05142976
143	49361	3.9	5.05142976
143	49419	4	5.05142976
143	49477	4.1	5.05142976
143	49535	4.2	5.05142976
143	49593	4.3	5.05142976
143	49859	4.4	5.05142976
143	49913	4.5	5.05142976
143	49967	4.6	5.05142976
143	50021	4.7	5.05142976
143	50075	4.8	5.05142976
143	50129	4.9	5.05142976
143	50183	5	5.05142976
143	50237	5.1	5.05142976
143	50291	5.2	5.05142976
143	50345	5.3	5.05142976
143	50399	5.4	5.05142976
143	50453	5.5	5.05142976
143	50611	5.6	5.05142976
143	50663	5.7	5.05142976
143	50715	5.8	5.05142976
143	50767	5.9	5.05142976
143	50819	6	5.05142976
143	50871	6.1	5.05142976
143	50923	6.2	5.05142976
143	50975	6.3	5.05142976
143	51027	6.4	5.05142976
143	51079	6.5	5.05142976
143	51131	6.6	5.05142976
143	51183	6.7	5.05142976
143	51235	6.8	5.05142976
143	51287	6.9	5.05142976
143	51547	7	5.05142976
143	51595	7.1	5.05142976
143	51643	7.2	5.05142976
143	51691	7.3	5.05142976
143	51739	7.4	5.05142976
143	51787	7.5	5.05142976
143	51835	7.6	5.05142976
143	51883	7.7	5.05142976
143	52035	7.8	5.05142976
143	52081	7.9	5.05142976
143	52127	8	5.05142976
143	52173	8.1	5.05142976
143	52219	8.2	5.05142976
143	52265	8.3	5.05142976
143	52311	8.4	5.05142976
143	52357	8.5	5.05142976
143	52403	8.6	5.05142976
143	52449	8.7	5.05142976
143	52599	8.8	5.05142976
143	52643	8.9	5.05142976
143	52687	9	5.05142976
143	52731	9.1	5.05142976
143	52775	9.2	5.05142976
143	52819	9.3	5.05142976
143	52863	9.4	5.05142976
143	52907	9.5	5.05142976
143	53159	9.6	5.05142976
143	53199	9.7	5.05142976
143	53239	9.8	5.05142976
143	53279	9.9	5.05142976
143	53319	10	5.05142976
143	53359	10.1	5.05142976
143	53399	10.2	5.05142976
143	53439	10.3	5.05142976
143	53479	10.4	5.05142976
143	53519	10.5	5.05142976
143	53767	10.6	5.05142976
143	53803	10.7	5.05142976
143	53839	10.8	5.05142976
143	53875	10.9	5.05142976
143	53911	11	5.05142976
143	53947	11.1	5.05142976
143	53983	11.2	5.05142976
143	54019	11.3	5.05142976
143	54055	11.4	5.05142976
143	54091	11.5	5.05142976
143	54127	11.6	5.05142976
143	54163	11.7	5.05142976
143	54303	11.8	5.05142976
143	54337	11.9	5.05142976
143	54371	12	5.05142976
143	54405	12.1	5.05142976
143	54439	12.2	5.05142976
143	54473	12.3	5.05142976
143	54507	12.4	5.05142976
143	54541	12.5	5.05142976
143	54575	12.6	5.05142976
143	54609	12.7	5.05142976
143	54643	12.8	5.05142976
142	824	0.5	-6.430460592578
142	1256	0.6	0
142	2106	0.7	-7.9869115148439
142	3093	0.8	0
142	4790	0.9	-9
142	8272	1	0
142	13373	1.1	-7.4826524082061
142	19882	1.2	0
142	25973	1.3	-9
142	30245	1.4	0
142	32787	1.5	-8.9007208291704
142	33675	1.6	0
142	34149	1.7	-9
142	34615	1.8	0
142	35085	1.9	-9
142	35545	2	0
142	36016	2.1	-9
142	36485	2.2	0
142	36950	2.3	-9
142	37454	2.4	0
142	40650	2.5	-9
142	46733	2.6	0
142	48429	2.7	290.97157867813
142	48491	2.8	0
142	48553	2.9	0
142	48615	3	0
142	48677	3.1	0
142	48739	3.2	0
142	48801	3.3	0
142	49071	3.4	0
142	49129	3.5	0
142	49187	3.6	0
142	49245	3.7	0
142	49303	3.8	0
142	49361	3.9	0
142	49419	4	0
142	49477	4.1	0
142	49535	4.2	0
142	49593	4.3	0
142	49859	4.4	0
142	49913	4.5	0
142	49967	4.6	0
142	50021	4.7	0
142	50075	4.8	0
142	50129	4.9	0
142	50183	5	0
142	50237	5.1	0
142	50291	5.2	0
142	50345	5.3	0
142	50399	5.4	0
142	50453	5.5	0
142	50611	5.6	0
142	50663	5.7	0
142	50715	5.8	0
142	50767	5.9	0
142	50819	6	0
142	50871	6.1	0
142	50923	6.2	0
142	50975	6.3	0
142	51027	6.4	0
142	51079	6.5	0
142	51131	6.6	0
142	51183	6.7	0
142	51235	6.8	0
142	51287	6.9	0
142	51547	7	0
142	51595	7.1	0
142	51643	7.2	0
142	51691	7.3	0
142	51739	7.4	0
142	51787	7.5	0
142	51835	7.6	0
142	51883	7.7	0
142	52035	7.8	0
142	52081	7.9	0
142	52127	8	0
142	52173	8.1	0
142	52219	8.2	0
142	52265	8.3	0
142	52311	8.4	0
142	52357	8.5	0
142	52403	8.6	0
142	52449	8.7	0
142	52599	8.8	0
142	52643	8.9	0
142	52687	9	0
142	52731	9.1	0
142	52775	9.2	0
142	52819	9.3	0
142	52863	9.4	0
142	52907	9.5	0
142	53159	9.6	0
142	53199	9.7	0
142	53239	9.8	0
142	53279	9.9	0
142	53319	10	0
142	53359	10.1	0
142	53399	10.2	0
142	53439	10.3	0
142	53479	10.4	0
142	53519	10.5	0
142	53767	10.6	0
142	53803	10.7	0
142	53839	10.8	0
142	53875	10.9	0
142	53911	11	0
142	53947	11.1	0
142	53983	11.2	0
142	54019	11.3	0
142	54055	11.4	0
142	54091	11.5	0
142	54127	11.6	0
142	54163	11.7	0
142	54303	11.8	0
142	54337	11.9	0
142	54371	12	0
142	54405	12.1	0
142	54439	12.2	0
142	54473	12.3	0
142	54507	12.4	0
142	54541	12.5	0
142	54575	12.6	0
142	54609	12.7	0
142	54643	12.8	0
114	403	0.4	10.282916666667
114	824	0.5	9.6398706074089
114	1256	0.6	9.6398706074089
114	2106	0.7	8.8411794559245
114	3093	0.8	8.8411794559245
114	4790	0.9	7.9411794559245
114	8272	1	7.9411794559245
114	13373	1.1	7.1929142151039
114	19882	1.2	7.1929142151039
114	25973	1.3	6.2929142151039
114	30245	1.4	6.2929142151039
114	32787	1.5	5.4028421321868
114	33675	1.6	5.4028421321868
114	34149	1.7	4.5028421321868
114	34615	1.8	4.5028421321868
114	35085	1.9	3.6028421321868
114	35545	2	3.6028421321868
114	36016	2.1	2.7028421321868
114	36485	2.2	2.7028421321868
114	36950	2.3	1.8028421321868
114	37454	2.4	1.8028421321868
114	40650	2.5	0.90284213218684
114	46733	2.6	0.90284213218684
114	48429	2.7	30
114	48491	2.8	30
114	48553	2.9	30
114	48615	3	30
114	48677	3.1	30
114	48739	3.2	30
114	48801	3.3	30
114	49071	3.4	30
114	49129	3.5	30
114	49187	3.6	30
114	49245	3.7	30
114	49303	3.8	30
114	49361	3.9	30
114	49419	4	30
114	49477	4.1	30
114	49535	4.2	30
114	49593	4.3	30
114	49859	4.4	30
114	49913	4.5	30
114	49967	4.6	30
114	50021	4.7	30
114	50075	4.8	30
114	50129	4.9	30
114	50183	5	30
114	50237	5.1	30
114	50291	5.2	30
114	50345	5.3	30
114	50399	5.4	30
114	50453	5.5	30
114	50611	5.6	30
114	50663	5.7	30
114	50715	5.8	30
114	50767	5.9	30
114	50819	6	30
114	50871	6.1	30
114	50923	6.2	30
114	50975	6.3	30
114	51027	6.4	30
114	51079	6.5	30
114	51131	6.6	30
114	51183	6.7	30
114	51235	6.8	30
114	51287	6.9	30
114	51547	7	30
114	51595	7.1	30
114	51643	7.2	30
114	51691	7.3	30
114	51739	7.4	30
114	51787	7.5	30
114	51835	7.6	30
114	51883	7.7	30
114	52035	7.8	30
114	52081	7.9	30
114	52127	8	30
114	52173	8.1	30
114	52219	8.2	30
114	52265	8.3	30
114	52311	8.4	30
114	52357	8.5	30
114	52403	8.6	30
114	52449	8.7	30
114	52599	8.8	30
114	52643	8.9	30
114	52687	9	30
114	52731	9.1	30
114	52775	9.2	30
114	52819	9.3	30
114	52863	9.4	30
114	52907	9.5	30
114	53159	9.6	30
114	53199	9.7	30
114	53239	9.8	30
114	53279	9.9	30
114	53319	10	30
114	53359	10.1	30
114	53399	10.2	30
114	53439	10.3	30
114	53479	10.4	30
114	53519	10.5	30
114	53767	10.6	30
114	53803	10.7	30
114	53839	10.8	30
114	53875	10.9	30
114	53911	11	30
114	53947	11.1	30
114	53983	11.2	30
114	54019	11.3	30
114	54055	11.4	30
114	54091	11.5	30
114	54127	11.6	30
114	54163	11.7	30
114	54303	11.8	30
114	54337	11.9	30
114	54371	12	30
114	54405	12.1	30
114	54439	12.2	30
114	54473	12.3	30
114	54507	12.4	30
114	54541	12.5	30
114	54575	12.6	30
114	54609	12.7	30
114	54643	12.8	30
92	51	0.3	323.4
92	403	0.4	323.4
92	824	0.5	323.4
92	1256	0.6	323.4
92	2106	0.7	323.4
92	3093	0.8	323.4
92	4790	0.9	323.4
92	8272	1	323.4
92	13373	1.1	323.4
92	19882	1.2	323.4
92	25973	1.3	323.4
92	30245	1.4	323.4
92	32787	1.5	323.4
92	33675	1.6	323.4
92	34149	1.7	323.4
92	34615	1.8	323.4
92	35085	1.9	323.4
92	35545	2	323.4
92	36016	2.1	323.4
92	36485	2.2	323.4
92	36950	2.3	323.4
92	37454	2.4	323.4
92	40650	2.5	323.4
92	46733	2.6	323.4
92	48429	2.7	323.4
92	48491	2.8	323.4
92	48553	2.9	323.4
92	48615	3	323.4
92	48677	3.1	323.4
92	48739	3.2	323.4
92	48801	3.3	323.4
92	49071	3.4	323.4
92	49129	3.5	323.4
92	49187	3.6	323.4
92	49245	3.7	323.4
92	49303	3.8	323.4
92	49361	3.9	323.4
92	49419	4	323.4
92	49477	4.1	323.4
92	49535	4.2	323.4
92	49593	4.3	323.4
92	49859	4.4	323.4
92	49913	4.5	323.4
92	49967	4.6	323.4
92	50021	4.7	323.4
92	50075	4.8	323.4
92	50129	4.9	323.4
92	50183	5	323.4
92	50237	5.1	323.4
92	50291	5.2	323.4
92	50345	5.3	323.4
92	50399	5.4	323.4
92	50453	5.5	323.4
92	50611	5.6	323.4
92	50663	5.7	323.4
92	50715	5.8	323.4
92	50767	5.9	323.4
92	50819	6	323.4
92	50871	6.1	323.4
92	50923	6.2	323.4
92	50975	6.3	323.4
92	51027	6.4	323.4
92	51079	6.5	323.4
92	51131	6.6	323.4
92	51183	6.7	323.4
92	51235	6.8	323.4
92	51287	6.9	323.4
92	51547	7	323.4
92	51595	7.1	323.4
92	51643	7.2	323.4
92	51691	7.3	323.4
92	51739	7.4	323.4
92	51787	7.5	323.4
92	51835	7.6	323.4
92	51883	7.7	323.4
92	52035	7.8	323.4
92	52081	7.9	323.4
92	52127	8	323.4
92	52173	8.1	323.4
92	52219	8.2	323.4
92	52265	8.3	323.4
92	52311	8.4	323.4
92	52357	8.5	323.4
92	52403	8.6	323.4
92	52449	8.7	323.4
92	52599	8.8	323.4
92	52643	8.9	323.4
92	52687	9	323.4
92	52731	9.1	323.4
92	52775	9.2	323.4
92	52819	9.3	323.4
92	52863	9.4	323.4
92	52907	9.5	323.4
92	53159	9.6	323.4
92	53199	9.7	323.4
92	53239	9.8	323.4
92	53279	9.9	323.4
92	53319	10	323.4
92	53359	10.1	323.4
92	53399	10.2	323.4
92	53439	10.3	323.4
92	53479	10.4	323.4
92	53519	10.5	323.4
92	53767	10.6	323.4
92	53803	10.7	323.4
92	53839	10.8	323.4
92	53875	10.9	323.4
92	53911	11	323.4
92	53947	11.1	323.4
92	53983	11.2	323.4
92	54019	11.3	323.4
92	54055	11.4	323.4
92	54091	11.5	323.4
92	54127	11.6	323.4
92	54163	11.7	323.4
92	54303	11.8	323.4
92	54337	11.9	323.4
92	54371	12	323.4
92	54405	12.1	323.4
92	54439	12.2	323.4
92	54473	12.3	323.4
92	54507	12.4	323.4
92	54541	12.5	323.4
92	54575	12.6	323.4
92	54609	12.7	323.4
92	54643	12.8	323.4
91	51	0.3	345
91	403	0.4	345
91	824	0.5	343.07202587852
91	1256	0.6	343.07202587852
91	2106	0.7	341.30378998733
91	3093	0.8	341.30378998733
91	4790	0.9	339.71555409615
91	8272	1	339.71555409615
91	13373	1.1	338.27697125313
91	19882	1.2	338.27697125313
91	25973	1.3	337.01838841011
91	30245	1.4	337.01838841011
91	32787	1.5	335.93781998367
91	33675	1.6	335.93781998367
91	34149	1.7	335.03725155723
91	34615	1.8	335.03725155723
91	35085	1.9	334.31668313079
91	35545	2	334.31668313079
91	36016	2.1	333.77611470436
91	36485	2.2	333.77611470436
91	36950	2.3	333.41554627792
91	37454	2.4	333.41554627792
91	40650	2.5	333.23497785148
91	46733	2.6	333.23497785148
91	48429	2.7	327.23497785148
91	48491	2.8	327.23497785148
91	48553	2.9	321.23497785148
91	48615	3	321.23497785148
91	48677	3.1	315.23497785148
91	48739	3.2	315.23497785148
91	48801	3.3	309.23497785148
91	49071	3.4	309.23497785148
91	49129	3.5	303.23497785148
91	49187	3.6	303.23497785148
91	49245	3.7	297.23497785148
91	49303	3.8	297.23497785148
91	49361	3.9	291.23497785148
91	49419	4	291.23497785148
91	49477	4.1	285.23497785148
91	49535	4.2	285.23497785148
91	49593	4.3	279.23497785148
91	49859	4.4	279.23497785148
91	49913	4.5	273.23497785148
91	49967	4.6	273.23497785148
91	50021	4.7	267.23497785148
91	50075	4.8	267.23497785148
91	50129	4.9	261.23497785148
91	50183	5	261.23497785148
91	50237	5.1	255.23497785148
91	50291	5.2	255.23497785148
91	50345	5.3	249.23497785148
91	50399	5.4	249.23497785148
91	50453	5.5	243.23497785148
91	50611	5.6	243.23497785148
91	50663	5.7	237.23497785148
91	50715	5.8	237.23497785148
91	50767	5.9	231.23497785148
91	50819	6	231.23497785148
91	50871	6.1	225.23497785148
91	50923	6.2	225.23497785148
91	50975	6.3	219.23497785148
91	51027	6.4	219.23497785148
91	51079	6.5	213.23497785148
91	51131	6.6	213.23497785148
91	51183	6.7	207.23497785148
91	51235	6.8	207.23497785148
91	51287	6.9	201.23497785148
91	51547	7	201.23497785148
91	51595	7.1	195.23497785148
91	51643	7.2	195.23497785148
91	51691	7.3	189.23497785148
91	51739	7.4	189.23497785148
91	51787	7.5	183.23497785148
91	51835	7.6	183.23497785148
91	51883	7.7	177.23497785148
91	52035	7.8	177.23497785148
91	52081	7.9	171.23497785148
91	52127	8	171.23497785148
91	52173	8.1	165.23497785148
91	52219	8.2	165.23497785148
91	52265	8.3	159.23497785148
91	52311	8.4	159.23497785148
91	52357	8.5	153.23497785148
91	52403	8.6	153.23497785148
91	52449	8.7	147.23497785148
91	52599	8.8	147.23497785148
91	52643	8.9	141.23497785148
91	52687	9	141.23497785148
91	52731	9.1	135.23497785148
91	52775	9.2	135.23497785148
91	52819	9.3	129.23497785148
91	52863	9.4	129.23497785148
91	52907	9.5	123.23497785148
91	53159	9.6	123.23497785148
91	53199	9.7	117.23497785148
91	53239	9.8	117.23497785148
91	53279	9.9	111.23497785148
91	53319	10	111.23497785148
91	53359	10.1	105.23497785148
91	53399	10.2	105.23497785148
91	53439	10.3	99.234977851483
91	53479	10.4	99.234977851483
91	53519	10.5	93.234977851483
91	53767	10.6	93.234977851483
91	53803	10.7	87.234977851483
91	53839	10.8	87.234977851483
91	53875	10.9	81.234977851483
91	53911	11	81.234977851483
91	53947	11.1	75.234977851483
91	53983	11.2	75.234977851483
91	54019	11.3	69.234977851483
91	54055	11.4	69.234977851483
91	54091	11.5	63.234977851483
91	54127	11.6	63.234977851483
91	54163	11.7	57.234977851483
91	54303	11.8	57.234977851483
91	54337	11.9	51.234977851483
91	54371	12	51.234977851483
91	54405	12.1	45.234977851483
91	54439	12.2	45.234977851483
91	54473	12.3	39.234977851483
91	54507	12.4	39.234977851483
91	54541	12.5	33.234977851483
91	54575	12.6	33.234977851483
91	54609	12.7	27.234977851483
91	54643	12.8	27.234977851483
28	37505	2.400297793285	1
28	37624	2.403612793285	2
28	37734	2.404836793285	3
28	37848	2.408177793285	4
28	38106	2.443396863483	5
28	38275	2.45087393698	6
28	38394	2.453567011038	7
28	38508	2.456702011919	8
28	38609	2.458277072333	9
28	38740	2.462270272867	10
28	38837	2.46350727499	11
28	38954	2.46683527499	12
28	39072	2.46826745974	13
28	39346	2.472106811553	14
28	39471	2.476620010573	15
28	39579	2.478052017991	16
28	39692	2.479471090375	17
28	39802	2.48213824002	18
28	39932	2.483583360612	19
28	40027	2.486705556495	20
28	40165	2.489905728815	21
28	40261	2.491883731364	22
28	40390	2.494888947999	23
28	40504	2.496489949293	24
28	40748	2.502749033761	25
28	40880	2.504168229985	26
28	40961	2.505587298029	27
28	41090	2.507032426876	28
28	41360	2.511253536033	29
28	41473	2.512672610081	30
28	41767	2.516230778009	31
28	41881	2.518265851963	32
28	42150	2.52238297658	33
28	42259	2.52380197658	34
28	42367	2.525221116005	35
28	42648	2.528701346489	36
28	42751	2.530120545943	37
28	42868	2.532168656439	38
28	42977	2.533600724548	39
28	43088	2.535648724548	40
28	43205	2.537696796602	41
28	43324	2.539745011797	42
28	43601	2.543251127308	43
28	43725	2.5446831935	44
28	44004	2.548766320004	45
28	44130	2.550840379679	46
28	44258	2.552259557064	47
28	44367	2.554333557064	48
28	44485	2.557265631353	49
28	44579	2.559976726873	50
28	44714	2.561408961881	51
28	44918	2.565518220975	52
28	45189	2.56897245735	53
28	45302	2.57100745735	54
28	45586	2.574487780336	55
28	45726	2.57652310877	56
28	46049	2.580016324162	57
28	46164	2.584781324162	58
28	46284	2.586826395453	59
28	46417	2.591344461931	60
28	46514	2.593418571088	61
28	46630	2.596194645136	62
28	46795	2.600777813064	63
28	46902	2.602851887018	64
28	46996	2.60774694569	65
28	47306	2.611012143248	66
28	47410	2.621874211357	67
28	47515	2.627081283411	68
28	47623	2.629116361193	69
28	47742	2.631164499601	70
28	47847	2.635513500459	71
28	47950	2.637574646965	72
28	48126	2.647286715465	73
28	48272	2.655158788309	74
28	48376	2.659572862357	75
27	1329	0.600531081853	1
27	3070	0.8	2
27	3379	0.825937184042	3
27	3818	0.850406530584	4
27	4231	0.875915986552	5
27	4878	0.901124574779	6
27	5504	0.925644088362	7
27	6360	0.950681906511	8
27	7188	0.975746039148	9
27	8377	1.001129193652	10
27	9420	1.026097809378	11
27	10694	1.050895142708	12
27	11946	1.075866453898	13
27	14913	1.126060874732	14
27	16516	1.15036272979	15
27	18071	1.176160658092	16
27	23365	1.252241453268	17
27	38015	2.437110881724	18
27	38228	2.45	20
27	40670	2.5	21
27	40685	2.500235972661	22
27	41730	2.515182143464	24
27	45863	2.577404575893	26
27	46753	2.6	28
123	824	0.5	0.973
123	1256	0.6	1.6655213422057
123	2106	0.7	0.973
123	3093	0.8	1.6055069795625
123	4790	0.9	0.973
123	8272	1	1.5442018374039
123	13373	1.1	0.973
123	19882	1.2	1.4864950776962
123	25973	1.3	0.973
123	30245	1.4	1.4319826352182
123	32787	1.5	0.973
123	33675	1.6	1.3802604447487
123	34149	1.7	0.973
123	34615	1.8	1.3309244410666
123	35085	1.9	0.973
123	35545	2	1.2865934863728
123	36016	2.1	0.973
123	36485	2.2	1.2432580954978
123	36950	2.3	0.973
123	37454	2.4	1.1985358098195
123	40650	2.5	0.973
123	46733	2.6	1.1585881207971
123	48429	2.7	2101.3703358989
123	48491	2.8	5.05142976
123	48553	2.9	5.05142976
123	48615	3	5.05142976
123	48677	3.1	5.05142976
123	48739	3.2	5.05142976
123	48801	3.3	5.05142976
123	49071	3.4	5.05142976
123	49129	3.5	5.05142976
123	49187	3.6	5.05142976
123	49245	3.7	5.05142976
123	49303	3.8	5.05142976
123	49361	3.9	5.05142976
123	49419	4	5.05142976
123	49477	4.1	5.05142976
123	49535	4.2	5.05142976
123	49593	4.3	5.05142976
123	49859	4.4	5.05142976
123	49913	4.5	5.05142976
123	49967	4.6	5.05142976
123	50021	4.7	5.05142976
123	50075	4.8	5.05142976
123	50129	4.9	5.05142976
123	50183	5	5.05142976
123	50237	5.1	5.05142976
123	50291	5.2	5.05142976
123	50345	5.3	5.05142976
123	50399	5.4	5.05142976
123	50453	5.5	5.05142976
123	50611	5.6	5.05142976
123	50663	5.7	5.05142976
123	50715	5.8	5.05142976
123	50767	5.9	5.05142976
123	50819	6	5.05142976
123	50871	6.1	5.05142976
123	50923	6.2	5.05142976
123	50975	6.3	5.05142976
123	51027	6.4	5.05142976
123	51079	6.5	5.05142976
123	51131	6.6	5.05142976
123	51183	6.7	5.05142976
123	51235	6.8	5.05142976
123	51287	6.9	5.05142976
123	51547	7	5.05142976
123	51595	7.1	5.05142976
123	51643	7.2	5.05142976
123	51691	7.3	5.05142976
123	51739	7.4	5.05142976
123	51787	7.5	5.05142976
123	51835	7.6	5.05142976
123	51883	7.7	5.05142976
123	52035	7.8	5.05142976
123	52081	7.9	5.05142976
123	52127	8	5.05142976
123	52173	8.1	5.05142976
123	52219	8.2	5.05142976
123	52265	8.3	5.05142976
123	52311	8.4	5.05142976
123	52357	8.5	5.05142976
123	52403	8.6	5.05142976
123	52449	8.7	5.05142976
123	52599	8.8	5.05142976
123	52643	8.9	5.05142976
123	52687	9	5.05142976
123	52731	9.1	5.05142976
123	52775	9.2	5.05142976
123	52819	9.3	5.05142976
123	52863	9.4	5.05142976
123	52907	9.5	5.05142976
123	53159	9.6	5.05142976
123	53199	9.7	5.05142976
123	53239	9.8	5.05142976
123	53279	9.9	5.05142976
123	53319	10	5.05142976
123	53359	10.1	5.05142976
123	53399	10.2	5.05142976
123	53439	10.3	5.05142976
123	53479	10.4	5.05142976
123	53519	10.5	5.05142976
123	53767	10.6	5.05142976
123	53803	10.7	5.05142976
123	53839	10.8	5.05142976
123	53875	10.9	5.05142976
123	53911	11	5.05142976
123	53947	11.1	5.05142976
123	53983	11.2	5.05142976
123	54019	11.3	5.05142976
123	54055	11.4	5.05142976
123	54091	11.5	5.05142976
123	54127	11.6	5.05142976
123	54163	11.7	5.05142976
123	54303	11.8	5.05142976
123	54337	11.9	5.05142976
123	54371	12	5.05142976
123	54405	12.1	5.05142976
123	54439	12.2	5.05142976
123	54473	12.3	5.05142976
123	54507	12.4	5.05142976
123	54541	12.5	5.05142976
123	54575	12.6	5.05142976
123	54609	12.7	5.05142976
123	54643	12.8	5.05142976
122	824	0.5	-5.3882913469661
122	1256	0.6	0
122	2106	0.7	-8.2918291646009
122	3093	0.8	0
122	4790	0.9	-9
122	8272	1	0
122	13373	1.1	-9
122	19882	1.2	0
122	25973	1.3	-9
122	30245	1.4	0
122	32787	1.5	-9
122	33675	1.6	0
122	34149	1.7	-9
122	34615	1.8	0
122	35085	1.9	-8.4155335873708
122	35545	2	0
122	36016	2.1	-8.4964706659198
122	36485	2.2	0
122	36950	2.3	-9
122	37454	2.4	0
122	40650	2.5	-8.1843318241954
122	46733	2.6	0
122	48429	2.7	289.94728992239
122	48491	2.8	0
122	48553	2.9	0
122	48615	3	0
122	48677	3.1	0
122	48739	3.2	0
122	48801	3.3	0
122	49071	3.4	0
122	49129	3.5	0
122	49187	3.6	0
122	49245	3.7	0
122	49303	3.8	0
122	49361	3.9	0
122	49419	4	0
122	49477	4.1	0
122	49535	4.2	0
122	49593	4.3	0
122	49859	4.4	0
122	49913	4.5	0
122	49967	4.6	0
122	50021	4.7	0
122	50075	4.8	0
122	50129	4.9	0
122	50183	5	0
122	50237	5.1	0
122	50291	5.2	0
122	50345	5.3	0
122	50399	5.4	0
122	50453	5.5	0
122	50611	5.6	0
122	50663	5.7	0
122	50715	5.8	0
122	50767	5.9	0
122	50819	6	0
122	50871	6.1	0
122	50923	6.2	0
122	50975	6.3	0
122	51027	6.4	0
122	51079	6.5	0
122	51131	6.6	0
122	51183	6.7	0
122	51235	6.8	0
122	51287	6.9	0
122	51547	7	0
122	51595	7.1	0
122	51643	7.2	0
122	51691	7.3	0
122	51739	7.4	0
122	51787	7.5	0
122	51835	7.6	0
122	51883	7.7	0
122	52035	7.8	0
122	52081	7.9	0
122	52127	8	0
122	52173	8.1	0
122	52219	8.2	0
122	52265	8.3	0
122	52311	8.4	0
122	52357	8.5	0
122	52403	8.6	0
122	52449	8.7	0
122	52599	8.8	0
122	52643	8.9	0
122	52687	9	0
122	52731	9.1	0
122	52775	9.2	0
122	52819	9.3	0
122	52863	9.4	0
122	52907	9.5	0
122	53159	9.6	0
122	53199	9.7	0
122	53239	9.8	0
122	53279	9.9	0
122	53319	10	0
122	53359	10.1	0
122	53399	10.2	0
122	53439	10.3	0
122	53479	10.4	0
122	53519	10.5	0
122	53767	10.6	0
122	53803	10.7	0
122	53839	10.8	0
122	53875	10.9	0
122	53911	11	0
122	53947	11.1	0
122	53983	11.2	0
122	54019	11.3	0
122	54055	11.4	0
122	54091	11.5	0
122	54127	11.6	0
122	54163	11.7	0
122	54303	11.8	0
122	54337	11.9	0
122	54371	12	0
122	54405	12.1	0
122	54439	12.2	0
122	54473	12.3	0
122	54507	12.4	0
122	54541	12.5	0
122	54575	12.6	0
122	54609	12.7	0
122	54643	12.8	0
104	403	0.4	10.282916666667
104	824	0.5	9.7440875319701
104	1256	0.6	9.7440875319701
104	2106	0.7	8.91490461551
104	3093	0.8	8.91490461551
104	4790	0.9	8.01490461551
104	8272	1	8.01490461551
104	13373	1.1	7.11490461551
104	19882	1.2	7.11490461551
104	25973	1.3	6.21490461551
104	30245	1.4	6.21490461551
104	32787	1.5	5.31490461551
104	33675	1.6	5.31490461551
104	34149	1.7	4.41490461551
104	34615	1.8	4.41490461551
104	35085	1.9	3.5733512567729
104	35545	2	3.5733512567729
104	36016	2.1	2.7237041901809
104	36485	2.2	2.7237041901809
104	36950	2.3	1.8237041901809
104	37454	2.4	1.8237041901809
104	40650	2.5	1.0052710077614
104	46733	2.6	1.0052710077614
104	48429	2.7	30
104	48491	2.8	30
104	48553	2.9	30
104	48615	3	30
104	48677	3.1	30
104	48739	3.2	30
104	48801	3.3	30
104	49071	3.4	30
104	49129	3.5	30
104	49187	3.6	30
104	49245	3.7	30
104	49303	3.8	30
104	49361	3.9	30
104	49419	4	30
104	49477	4.1	30
104	49535	4.2	30
104	49593	4.3	30
104	49859	4.4	30
104	49913	4.5	30
104	49967	4.6	30
104	50021	4.7	30
104	50075	4.8	30
104	50129	4.9	30
104	50183	5	30
104	50237	5.1	30
104	50291	5.2	30
104	50345	5.3	30
104	50399	5.4	30
104	50453	5.5	30
104	50611	5.6	30
104	50663	5.7	30
104	50715	5.8	30
104	50767	5.9	30
104	50819	6	30
104	50871	6.1	30
104	50923	6.2	30
104	50975	6.3	30
104	51027	6.4	30
104	51079	6.5	30
104	51131	6.6	30
104	51183	6.7	30
104	51235	6.8	30
104	51287	6.9	30
104	51547	7	30
104	51595	7.1	30
104	51643	7.2	30
104	51691	7.3	30
104	51739	7.4	30
104	51787	7.5	30
104	51835	7.6	30
104	51883	7.7	30
104	52035	7.8	30
104	52081	7.9	30
104	52127	8	30
104	52173	8.1	30
104	52219	8.2	30
104	52265	8.3	30
104	52311	8.4	30
104	52357	8.5	30
104	52403	8.6	30
104	52449	8.7	30
104	52599	8.8	30
104	52643	8.9	30
104	52687	9	30
104	52731	9.1	30
104	52775	9.2	30
104	52819	9.3	30
104	52863	9.4	30
104	52907	9.5	30
104	53159	9.6	30
104	53199	9.7	30
104	53239	9.8	30
104	53279	9.9	30
104	53319	10	30
104	53359	10.1	30
104	53399	10.2	30
104	53439	10.3	30
104	53479	10.4	30
104	53519	10.5	30
104	53767	10.6	30
104	53803	10.7	30
104	53839	10.8	30
104	53875	10.9	30
104	53911	11	30
104	53947	11.1	30
104	53983	11.2	30
104	54019	11.3	30
104	54055	11.4	30
104	54091	11.5	30
104	54127	11.6	30
104	54163	11.7	30
104	54303	11.8	30
104	54337	11.9	30
104	54371	12	30
104	54405	12.1	30
104	54439	12.2	30
104	54473	12.3	30
104	54507	12.4	30
104	54541	12.5	30
104	54575	12.6	30
104	54609	12.7	30
104	54643	12.8	30
32	51	0.3	326.6
32	403	0.4	326.6
32	824	0.5	326.6
32	1256	0.6	326.6
32	2106	0.7	326.6
32	3093	0.8	326.6
32	4790	0.9	326.6
32	8272	1	326.6
32	13373	1.1	326.6
32	19882	1.2	326.6
32	25973	1.3	326.6
32	30245	1.4	326.6
32	32787	1.5	326.6
32	33675	1.6	326.6
32	34149	1.7	326.6
32	34615	1.8	326.6
32	35085	1.9	326.6
32	35545	2	326.6
32	36016	2.1	326.6
32	36485	2.2	326.6
32	36950	2.3	326.6
32	37454	2.4	326.6
32	40650	2.5	326.6
32	46733	2.6	326.6
32	48429	2.7	326.6
32	48491	2.8	326.6
32	48553	2.9	326.6
32	48615	3	326.6
32	48677	3.1	326.6
32	48739	3.2	326.6
32	48801	3.3	326.6
32	49071	3.4	326.6
32	49129	3.5	326.6
32	49187	3.6	326.6
32	49245	3.7	326.6
32	49303	3.8	326.6
32	49361	3.9	326.6
32	49419	4	326.6
32	49477	4.1	326.6
32	49535	4.2	326.6
32	49593	4.3	326.6
32	49859	4.4	326.6
32	49913	4.5	326.6
32	49967	4.6	326.6
32	50021	4.7	326.6
32	50075	4.8	326.6
32	50129	4.9	326.6
32	50183	5	326.6
32	50237	5.1	326.6
32	50291	5.2	326.6
32	50345	5.3	326.6
32	50399	5.4	326.6
32	50453	5.5	326.6
32	50611	5.6	326.6
32	50663	5.7	326.6
32	50715	5.8	326.6
32	50767	5.9	326.6
32	50819	6	326.6
32	50871	6.1	326.6
32	50923	6.2	326.6
32	50975	6.3	326.6
32	51027	6.4	326.6
32	51079	6.5	326.6
32	51131	6.6	326.6
32	51183	6.7	326.6
32	51235	6.8	326.6
32	51287	6.9	326.6
32	51547	7	326.6
32	51595	7.1	326.6
32	51643	7.2	326.6
32	51691	7.3	326.6
32	51739	7.4	326.6
32	51787	7.5	326.6
32	51835	7.6	326.6
32	51883	7.7	326.6
32	52035	7.8	326.6
32	52081	7.9	326.6
32	52127	8	326.6
32	52173	8.1	326.6
32	52219	8.2	326.6
32	52265	8.3	326.6
32	52311	8.4	326.6
32	52357	8.5	326.6
32	52403	8.6	326.6
32	52449	8.7	326.6
32	52599	8.8	326.6
32	52643	8.9	326.6
32	52687	9	326.6
32	52731	9.1	326.6
32	52775	9.2	326.6
32	52819	9.3	326.6
32	52863	9.4	326.6
32	52907	9.5	326.6
32	53159	9.6	326.6
32	53199	9.7	326.6
32	53239	9.8	326.6
32	53279	9.9	326.6
32	53319	10	326.6
32	53359	10.1	326.6
32	53399	10.2	326.6
32	53439	10.3	326.6
32	53479	10.4	326.6
32	53519	10.5	326.6
32	53767	10.6	326.6
32	53803	10.7	326.6
32	53839	10.8	326.6
32	53875	10.9	326.6
32	53911	11	326.6
32	53947	11.1	326.6
32	53983	11.2	326.6
32	54019	11.3	326.6
32	54055	11.4	326.6
32	54091	11.5	326.6
32	54127	11.6	326.6
32	54163	11.7	326.6
32	54303	11.8	326.6
32	54337	11.9	326.6
32	54371	12	326.6
32	54405	12.1	326.6
32	54439	12.2	326.6
32	54473	12.3	326.6
32	54507	12.4	326.6
32	54541	12.5	326.6
32	54575	12.6	326.6
32	54609	12.7	326.6
32	54643	12.8	326.6
31	51	0.3	305
31	403	0.4	305
31	824	0.5	306.94881750639
31	1256	0.6	306.94881750639
31	2106	0.7	308.7317984295
31	3093	0.8	308.7317984295
31	4790	0.9	310.3347793526
31	8272	1	310.3347793526
31	13373	1.1	311.7577602757
31	19882	1.2	311.7577602757
31	25973	1.3	313.0007411988
31	30245	1.4	313.0007411988
31	32787	1.5	314.0637221219
31	33675	1.6	314.0637221219
31	34149	1.7	314.94670304501
31	34615	1.8	314.94670304501
31	35085	1.9	315.66137329636
31	35545	2	315.66137329636
31	36016	2.1	316.2061141344
31	36485	2.2	316.2061141344
31	36950	2.3	316.57085497243
31	37454	2.4	316.57085497243
31	40650	2.5	316.77190917399
31	46733	2.6	316.77190917399
31	48429	2.7	322.77190917399
31	48491	2.8	322.77190917399
31	48553	2.9	328.77190917399
31	48615	3	328.77190917399
31	48677	3.1	334.77190917399
31	48739	3.2	334.77190917399
31	48801	3.3	340.77190917399
31	49071	3.4	340.77190917399
31	49129	3.5	346.77190917399
31	49187	3.6	346.77190917399
31	49245	3.7	352.77190917399
31	49303	3.8	352.77190917399
31	49361	3.9	358.77190917399
31	49419	4	358.77190917399
31	49477	4.1	364.77190917399
31	49535	4.2	364.77190917399
31	49593	4.3	370.77190917399
31	49859	4.4	370.77190917399
31	49913	4.5	376.77190917399
31	49967	4.6	376.77190917399
31	50021	4.7	382.77190917399
31	50075	4.8	382.77190917399
31	50129	4.9	388.77190917399
31	50183	5	388.77190917399
31	50237	5.1	394.77190917399
31	50291	5.2	394.77190917399
31	50345	5.3	400.77190917399
31	50399	5.4	400.77190917399
31	50453	5.5	406.77190917399
31	50611	5.6	406.77190917399
31	50663	5.7	412.77190917399
31	50715	5.8	412.77190917399
31	50767	5.9	418.77190917399
31	50819	6	418.77190917399
31	50871	6.1	424.77190917399
31	50923	6.2	424.77190917399
31	50975	6.3	430.77190917399
31	51027	6.4	430.77190917399
31	51079	6.5	436.77190917399
31	51131	6.6	436.77190917399
31	51183	6.7	442.77190917399
31	51235	6.8	442.77190917399
31	51287	6.9	448.77190917399
31	51547	7	448.77190917399
31	51595	7.1	454.77190917399
31	51643	7.2	454.77190917399
31	51691	7.3	460.77190917399
31	51739	7.4	460.77190917399
31	51787	7.5	466.77190917399
31	51835	7.6	466.77190917399
31	51883	7.7	472.77190917399
31	52035	7.8	472.77190917399
31	52081	7.9	478.77190917399
31	52127	8	478.77190917399
31	52173	8.1	484.77190917399
31	52219	8.2	484.77190917399
31	52265	8.3	490.77190917399
31	52311	8.4	490.77190917399
31	52357	8.5	496.77190917399
31	52403	8.6	496.77190917399
31	52449	8.7	502.77190917399
31	52599	8.8	502.77190917399
31	52643	8.9	508.77190917399
31	52687	9	508.77190917399
31	52731	9.1	514.77190917399
31	52775	9.2	514.77190917399
31	52819	9.3	520.77190917399
31	52863	9.4	520.77190917399
31	52907	9.5	526.77190917399
31	53159	9.6	526.77190917399
31	53199	9.7	532.77190917399
31	53239	9.8	532.77190917399
31	53279	9.9	538.77190917399
31	53319	10	538.77190917399
31	53359	10.1	544.77190917399
31	53399	10.2	544.77190917399
31	53439	10.3	550.77190917399
31	53479	10.4	550.77190917399
31	53519	10.5	556.77190917399
31	53767	10.6	556.77190917399
31	53803	10.7	562.77190917399
31	53839	10.8	562.77190917399
31	53875	10.9	568.77190917399
31	53911	11	568.77190917399
31	53947	11.1	574.77190917399
31	53983	11.2	574.77190917399
31	54019	11.3	580.77190917399
31	54055	11.4	580.77190917399
31	54091	11.5	586.77190917399
31	54127	11.6	586.77190917399
31	54163	11.7	592.77190917399
31	54303	11.8	592.77190917399
31	54337	11.9	598.77190917399
31	54371	12	598.77190917399
31	54405	12.1	604.77190917399
31	54439	12.2	604.77190917399
31	54473	12.3	610.77190917399
31	54507	12.4	610.77190917399
31	54541	12.5	616.77190917399
31	54575	12.6	616.77190917399
31	54609	12.7	622.77190917399
31	54643	12.8	622.77190917399
94	37525	2.400297827578	1
94	37644	2.403612827578	2
94	37754	2.404836827578	3
94	37868	2.408177827578	4
94	38110	2.443396877846	5
94	38279	2.450873939957	6
94	38390	2.453567007493	7
94	38512	2.456702026282	8
94	38617	2.458277094497	9
94	38744	2.462270275844	10
94	38857	2.463507309283	11
94	38974	2.466835309283	12
94	39088	2.468267485911	13
94	39354	2.472106833717	14
94	39487	2.476620036465	15
94	39591	2.478052043878	16
94	39680	2.47947106485	17
94	39818	2.482138266191	18
94	40043	2.486705582387	19
94	40133	2.489905635221	20
94	40249	2.491883705839	21
94	40362	2.494888854872	22
94	40616	2.498910043714	23
94	40768	2.50274906643	24
94	40848	2.504168138956	25
94	41005	2.505587389097	26
94	41094	2.507032440589	27
94	41396	2.511253626607	28
94	41517	2.512672700338	29
94	41771	2.516230780389	30
94	41877	2.518265847839	31
94	42158	2.52238299769	32
94	42267	2.52380199769	33
94	42403	2.525221206579	34
94	42660	2.528701371617	35
94	42795	2.5301206362	36
94	42880	2.532168681567	37
94	42993	2.53360075019	38
94	43104	2.53564875019	39
94	43221	2.537696822084	40
94	43328	2.539745014177	41
94	43589	2.543251101613	42
94	43843	2.546718169543	43
94	44142	2.550840404807	44
94	44226	2.552259466035	45
94	44335	2.554333466035	46
94	44457	2.557265540812	47
94	44595	2.559976752515	48
94	44686	2.56140887134	49
94	44822	2.563483053768	50
94	44934	2.565518246457	51
94	45097	2.567553298277	52
94	45233	2.568972548418	53
94	45346	2.571007548418	54
94	45622	2.57448787091	55
94	45698	2.576523018229	56
94	46093	2.580016414419	57
94	46208	2.58478141523	58
94	46304	2.586826428122	59
94	46421	2.591344475644	60
94	46550	2.593418661662	61
94	46674	2.596194735393	62
94	46799	2.600777815444	63
94	46898	2.602851882894	64
94	47004	2.6077469668	65
94	47318	2.611012168376	66
94	47426	2.621874236999	67
94	47531	2.627081308893	68
94	47611	2.629116335498	69
94	47710	2.631164408572	70
94	47922	2.637574556424	71
94	48054	2.640116738852	72
94	48170	2.647286806533	73
94	48308	2.655158878883	74
94	48420	2.659572952614	75
93	1345	0.600531114743	1
93	3092	0.8	2
93	3387	0.825937202245	3
93	3822	0.850406539611	4
93	4235	0.8759159894	5
93	4890	0.90112459919	6
93	5516	0.925644114908	7
93	6372	0.950681933356	8
93	7204	0.975746065812	9
93	8353	1.001129129371	10
93	10666	1.050895006664	11
93	11910	1.075866318127	12
93	13492	1.100477259926	13
93	14953	1.126061001965	14
93	16560	1.150362856717	15
93	18115	1.176160784811	16
93	20689	1.204179179353	17
93	38009	2.435908245461	18
93	38239	2.45	20
93	40535	2.497277435866	21
93	40681	2.5	23
93	42346	2.524649806405	24
93	46341	2.588371409135	26
93	48816	3.3	28
145	824	0.5	1.2374891487367
145	1256	0.6	1.5276370852233
145	2106	0.7	0.973
145	3093	0.8	1.4988400518425
145	4790	0.9	0.973
145	8272	1	1.4609403889443
145	13373	1.1	0.973
145	19882	1.2	1.4318460836501
145	25973	1.3	0.973
145	30245	1.4	1.4009536473562
145	32787	1.5	0.973
145	33675	1.6	1.3821945776069
145	34149	1.7	0.973
145	34615	1.8	1.3408859186071
145	35085	1.9	0.973
145	35545	2	1.3179621392569
145	36016	2.1	0.973
145	36485	2.2	1.3012570368098
145	36950	2.3	0.973
145	37454	2.4	1.2752161234858
145	40650	2.5	0.973
145	46733	2.6	1.2530698778378
145	48429	2.7	0.973
145	48491	2.8	1.2340921172074
145	48553	2.9	4.1093905786103
145	48615	3	1.2543477808067
145	48677	3.1	5.1719043812002
145	48739	3.2	1.2784872780383
145	48801	3.3	4.3300596650842
145	49071	3.4	1.2958703681512
145	49129	3.5	1902.7893909483
145	49187	3.6	5.05142976
145	49245	3.7	5.05142976
145	49303	3.8	5.05142976
145	49361	3.9	5.05142976
145	49419	4	5.05142976
145	49477	4.1	5.05142976
145	49535	4.2	5.05142976
145	49593	4.3	5.05142976
145	49859	4.4	5.05142976
145	49913	4.5	5.05142976
145	49967	4.6	5.05142976
145	50021	4.7	5.05142976
145	50075	4.8	5.05142976
145	50129	4.9	5.05142976
145	50183	5	5.05142976
145	50237	5.1	5.05142976
145	50291	5.2	5.05142976
145	50345	5.3	5.05142976
145	50399	5.4	5.05142976
145	50453	5.5	5.05142976
145	50611	5.6	5.05142976
145	50663	5.7	5.05142976
145	50715	5.8	5.05142976
145	50767	5.9	5.05142976
145	50819	6	5.05142976
145	50871	6.1	5.05142976
145	50923	6.2	5.05142976
145	50975	6.3	5.05142976
145	51027	6.4	5.05142976
145	51079	6.5	5.05142976
145	51131	6.6	5.05142976
145	51183	6.7	5.05142976
145	51235	6.8	5.05142976
145	51287	6.9	5.05142976
145	51547	7	5.05142976
145	51595	7.1	5.05142976
145	51643	7.2	5.05142976
145	51691	7.3	5.05142976
145	51739	7.4	5.05142976
145	51787	7.5	5.05142976
145	51835	7.6	5.05142976
145	51883	7.7	5.05142976
145	52035	7.8	5.05142976
145	52081	7.9	5.05142976
145	52127	8	5.05142976
145	52173	8.1	5.05142976
145	52219	8.2	5.05142976
145	52265	8.3	5.05142976
145	52311	8.4	5.05142976
145	52357	8.5	5.05142976
145	52403	8.6	5.05142976
145	52449	8.7	5.05142976
145	52599	8.8	5.05142976
145	52643	8.9	5.05142976
145	52687	9	5.05142976
145	52731	9.1	5.05142976
145	52775	9.2	5.05142976
145	52819	9.3	5.05142976
145	52863	9.4	5.05142976
145	52907	9.5	5.05142976
145	53159	9.6	5.05142976
145	53199	9.7	5.05142976
145	53239	9.8	5.05142976
145	53279	9.9	5.05142976
145	53319	10	5.05142976
145	53359	10.1	5.05142976
145	53399	10.2	5.05142976
145	53439	10.3	5.05142976
145	53479	10.4	5.05142976
145	53519	10.5	5.05142976
145	53767	10.6	5.05142976
145	53803	10.7	5.05142976
145	53839	10.8	5.05142976
145	53875	10.9	5.05142976
145	53911	11	5.05142976
145	53947	11.1	5.05142976
145	53983	11.2	5.05142976
145	54019	11.3	5.05142976
145	54055	11.4	5.05142976
145	54091	11.5	5.05142976
145	54127	11.6	5.05142976
145	54163	11.7	5.05142976
145	54303	11.8	5.05142976
145	54337	11.9	5.05142976
145	54371	12	5.05142976
145	54405	12.1	5.05142976
145	54439	12.2	5.05142976
145	54473	12.3	5.05142976
145	54507	12.4	5.05142976
145	54541	12.5	5.05142976
145	54575	12.6	5.05142976
145	54609	12.7	5.05142976
145	54643	12.8	5.05142976
145	54677	12.9	5.05142976
145	54707	13	5.05142976
145	54737	13.1	5.05142976
145	54767	13.2	5.05142976
145	54797	13.3	5.05142976
145	54827	13.4	5.05142976
145	54857	13.5	5.05142976
145	54887	13.6	5.05142976
145	54917	13.7	5.05142976
145	54947	13.8	5.05142976
144	824	0.5	-0.15510692815297
144	1256	0.6	0
144	2106	0.7	-4.500412709951
144	3093	0.8	0
144	4790	0.9	-6.1276899950775
144	8272	1	0
144	13373	1.1	-4.865591426463
144	19882	1.2	0
144	25973	1.3	-5.3220349445272
144	30245	1.4	0
144	32787	1.5	-3.3101518399968
144	33675	1.6	0
144	34149	1.7	-7.4955162882288
144	34615	1.8	0
144	35085	1.9	-4.2788037327429
144	35545	2	0
144	36016	2.1	-3.1694633106839
144	36485	2.2	0
144	36950	2.3	-5.0228201737804
144	37454	2.4	0
144	40650	2.5	-4.3450495068275
144	46733	2.6	0
144	48429	2.7	-3.7723044926366
144	48491	2.8	0
144	48553	2.9	4.0247519754805
144	48615	3	0
144	48677	3.1	4.7288316136226
144	48739	3.2	0
144	48801	3.3	3.3556364652701
144	49071	3.4	0
144	49129	3.5	262.48104580752
144	49187	3.6	0
144	49245	3.7	0
144	49303	3.8	0
144	49361	3.9	0
144	49419	4	0
144	49477	4.1	0
144	49535	4.2	0
144	49593	4.3	0
144	49859	4.4	0
144	49913	4.5	0
144	49967	4.6	0
144	50021	4.7	0
144	50075	4.8	0
144	50129	4.9	0
144	50183	5	0
144	50237	5.1	0
144	50291	5.2	0
144	50345	5.3	0
144	50399	5.4	0
144	50453	5.5	0
144	50611	5.6	0
144	50663	5.7	0
144	50715	5.8	0
144	50767	5.9	0
144	50819	6	0
144	50871	6.1	0
144	50923	6.2	0
144	50975	6.3	0
144	51027	6.4	0
144	51079	6.5	0
144	51131	6.6	0
144	51183	6.7	0
144	51235	6.8	0
144	51287	6.9	0
144	51547	7	0
144	51595	7.1	0
144	51643	7.2	0
144	51691	7.3	0
144	51739	7.4	0
144	51787	7.5	0
144	51835	7.6	0
144	51883	7.7	0
144	52035	7.8	0
144	52081	7.9	0
144	52127	8	0
144	52173	8.1	0
144	52219	8.2	0
144	52265	8.3	0
144	52311	8.4	0
144	52357	8.5	0
144	52403	8.6	0
144	52449	8.7	0
144	52599	8.8	0
144	52643	8.9	0
144	52687	9	0
144	52731	9.1	0
144	52775	9.2	0
144	52819	9.3	0
144	52863	9.4	0
144	52907	9.5	0
144	53159	9.6	0
144	53199	9.7	0
144	53239	9.8	0
144	53279	9.9	0
144	53319	10	0
144	53359	10.1	0
144	53399	10.2	0
144	53439	10.3	0
144	53479	10.4	0
144	53519	10.5	0
144	53767	10.6	0
144	53803	10.7	0
144	53839	10.8	0
144	53875	10.9	0
144	53911	11	0
144	53947	11.1	0
144	53983	11.2	0
144	54019	11.3	0
144	54055	11.4	0
144	54091	11.5	0
144	54127	11.6	0
144	54163	11.7	0
144	54303	11.8	0
144	54337	11.9	0
144	54371	12	0
144	54405	12.1	0
144	54439	12.2	0
144	54473	12.3	0
144	54507	12.4	0
144	54541	12.5	0
144	54575	12.6	0
144	54609	12.7	0
144	54643	12.8	0
144	54677	12.9	0
144	54707	13	0
144	54737	13.1	0
144	54767	13.2	0
144	54797	13.3	0
144	54827	13.4	0
144	54857	13.5	0
144	54887	13.6	0
144	54917	13.7	0
144	54947	13.8	0
115	403	0.4	7.777467948718
115	824	0.5	7.7619572559027
115	1256	0.6	7.7619572559027
115	2106	0.7	7.3119159849076
115	3093	0.8	7.3119159849076
115	4790	0.9	6.6991469853998
115	8272	1	6.6991469853998
115	13373	1.1	6.2125878427535
115	19882	1.2	6.2125878427535
115	25973	1.3	5.6803843483008
115	30245	1.4	5.6803843483008
115	32787	1.5	5.3493691643011
115	33675	1.6	5.3493691643011
115	34149	1.7	4.5998175354782
115	34615	1.8	4.5998175354782
115	35085	1.9	4.1719371622039
115	35545	2	4.1719371622039
115	36016	2.1	3.8549908311355
115	36485	2.2	3.8549908311355
115	36950	2.3	3.3527088137575
115	37454	2.4	3.3527088137575
115	40650	2.5	2.9182038630748
115	46733	2.6	2.9182038630748
115	48429	2.7	2.5409734138111
115	48491	2.8	2.5409734138111
115	48553	2.9	2.9434486113591
115	48615	3	2.9434486113591
115	48677	3.1	3.4163317727214
115	48739	3.2	3.4163317727214
115	48801	3.3	3.7518954192484
115	49071	3.4	3.7518954192484
115	49129	3.5	30
115	49187	3.6	30
115	49245	3.7	30
115	49303	3.8	30
115	49361	3.9	30
115	49419	4	30
115	49477	4.1	30
115	49535	4.2	30
115	49593	4.3	30
115	49859	4.4	30
115	49913	4.5	30
115	49967	4.6	30
115	50021	4.7	30
115	50075	4.8	30
115	50129	4.9	30
115	50183	5	30
115	50237	5.1	30
115	50291	5.2	30
115	50345	5.3	30
115	50399	5.4	30
115	50453	5.5	30
115	50611	5.6	30
115	50663	5.7	30
115	50715	5.8	30
115	50767	5.9	30
115	50819	6	30
115	50871	6.1	30
115	50923	6.2	30
115	50975	6.3	30
115	51027	6.4	30
115	51079	6.5	30
115	51131	6.6	30
115	51183	6.7	30
115	51235	6.8	30
115	51287	6.9	30
115	51547	7	30
115	51595	7.1	30
115	51643	7.2	30
115	51691	7.3	30
115	51739	7.4	30
115	51787	7.5	30
115	51835	7.6	30
115	51883	7.7	30
115	52035	7.8	30
115	52081	7.9	30
115	52127	8	30
115	52173	8.1	30
115	52219	8.2	30
115	52265	8.3	30
115	52311	8.4	30
115	52357	8.5	30
115	52403	8.6	30
115	52449	8.7	30
115	52599	8.8	30
115	52643	8.9	30
115	52687	9	30
115	52731	9.1	30
115	52775	9.2	30
115	52819	9.3	30
115	52863	9.4	30
115	52907	9.5	30
115	53159	9.6	30
115	53199	9.7	30
115	53239	9.8	30
115	53279	9.9	30
115	53319	10	30
115	53359	10.1	30
115	53399	10.2	30
115	53439	10.3	30
115	53479	10.4	30
115	53519	10.5	30
115	53767	10.6	30
115	53803	10.7	30
115	53839	10.8	30
115	53875	10.9	30
115	53911	11	30
115	53947	11.1	30
115	53983	11.2	30
115	54019	11.3	30
115	54055	11.4	30
115	54091	11.5	30
115	54127	11.6	30
115	54163	11.7	30
115	54303	11.8	30
115	54337	11.9	30
115	54371	12	30
115	54405	12.1	30
115	54439	12.2	30
115	54473	12.3	30
115	54507	12.4	30
115	54541	12.5	30
115	54575	12.6	30
115	54609	12.7	30
115	54643	12.8	30
115	54677	12.9	30
115	54707	13	30
115	54737	13.1	30
115	54767	13.2	30
115	54797	13.3	30
115	54827	13.4	30
115	54857	13.5	30
115	54887	13.6	30
115	54917	13.7	30
115	54947	13.8	30
98	51	0.3	323.4
98	403	0.4	323.4
98	824	0.5	323.4
98	1256	0.6	323.4
98	2106	0.7	323.4
98	3093	0.8	323.4
98	4790	0.9	323.4
98	8272	1	323.4
98	13373	1.1	323.4
98	19882	1.2	323.4
98	25973	1.3	323.4
98	30245	1.4	323.4
98	32787	1.5	323.4
98	33675	1.6	323.4
98	34149	1.7	323.4
98	34615	1.8	323.4
98	35085	1.9	323.4
98	35545	2	323.4
98	36016	2.1	323.4
98	36485	2.2	323.4
98	36950	2.3	323.4
98	37454	2.4	323.4
98	40650	2.5	323.4
98	46733	2.6	323.4
98	48429	2.7	323.4
98	48491	2.8	323.4
98	48553	2.9	323.4
98	48615	3	323.4
98	48677	3.1	323.4
98	48739	3.2	323.4
98	48801	3.3	323.4
98	49071	3.4	323.4
98	49129	3.5	323.4
98	49187	3.6	323.4
98	49245	3.7	323.4
98	49303	3.8	323.4
98	49361	3.9	323.4
98	49419	4	323.4
98	49477	4.1	323.4
98	49535	4.2	323.4
98	49593	4.3	323.4
98	49859	4.4	323.4
98	49913	4.5	323.4
98	49967	4.6	323.4
98	50021	4.7	323.4
98	50075	4.8	323.4
98	50129	4.9	323.4
98	50183	5	323.4
98	50237	5.1	323.4
98	50291	5.2	323.4
98	50345	5.3	323.4
98	50399	5.4	323.4
98	50453	5.5	323.4
98	50611	5.6	323.4
98	50663	5.7	323.4
98	50715	5.8	323.4
98	50767	5.9	323.4
98	50819	6	323.4
98	50871	6.1	323.4
98	50923	6.2	323.4
98	50975	6.3	323.4
98	51027	6.4	323.4
98	51079	6.5	323.4
98	51131	6.6	323.4
98	51183	6.7	323.4
98	51235	6.8	323.4
98	51287	6.9	323.4
98	51547	7	323.4
98	51595	7.1	323.4
98	51643	7.2	323.4
98	51691	7.3	323.4
98	51739	7.4	323.4
98	51787	7.5	323.4
98	51835	7.6	323.4
98	51883	7.7	323.4
98	52035	7.8	323.4
98	52081	7.9	323.4
98	52127	8	323.4
98	52173	8.1	323.4
98	52219	8.2	323.4
98	52265	8.3	323.4
98	52311	8.4	323.4
98	52357	8.5	323.4
98	52403	8.6	323.4
98	52449	8.7	323.4
98	52599	8.8	323.4
98	52643	8.9	323.4
98	52687	9	323.4
98	52731	9.1	323.4
98	52775	9.2	323.4
98	52819	9.3	323.4
98	52863	9.4	323.4
98	52907	9.5	323.4
98	53159	9.6	323.4
98	53199	9.7	323.4
98	53239	9.8	323.4
98	53279	9.9	323.4
98	53319	10	323.4
98	53359	10.1	323.4
98	53399	10.2	323.4
98	53439	10.3	323.4
98	53479	10.4	323.4
98	53519	10.5	323.4
98	53767	10.6	323.4
98	53803	10.7	323.4
98	53839	10.8	323.4
98	53875	10.9	323.4
98	53911	11	323.4
98	53947	11.1	323.4
98	53983	11.2	323.4
98	54019	11.3	323.4
98	54055	11.4	323.4
98	54091	11.5	323.4
98	54127	11.6	323.4
98	54163	11.7	323.4
98	54303	11.8	323.4
98	54337	11.9	323.4
98	54371	12	323.4
98	54405	12.1	323.4
98	54439	12.2	323.4
98	54473	12.3	323.4
98	54507	12.4	323.4
98	54541	12.5	323.4
98	54575	12.6	323.4
98	54609	12.7	323.4
98	54643	12.8	323.4
98	54677	12.9	323.4
98	54707	13	323.4
98	54737	13.1	323.4
98	54767	13.2	323.4
98	54797	13.3	323.4
98	54827	13.4	323.4
98	54857	13.5	323.4
98	54887	13.6	323.4
98	54917	13.7	323.4
98	54947	13.8	323.4
97	51	0.3	355
97	403	0.4	355
97	824	0.5	353.44760854882
97	1256	0.6	353.44760854882
97	2106	0.7	351.98522535184
97	3093	0.8	351.98522535184
97	4790	0.9	350.64539595476
97	8272	1	350.64539595476
97	13373	1.1	349.40287838621
97	19882	1.2	349.40287838621
97	25973	1.3	348.26680151655
97	30245	1.4	348.26680151655
97	32787	1.5	347.19692768369
97	33675	1.6	347.19692768369
97	34149	1.7	346.27696417659
97	34615	1.8	346.27696417659
97	35085	1.9	345.44257674415
97	35545	2	345.44257674415
97	36016	2.1	344.67157857792
97	36485	2.2	344.67157857792
97	36950	2.3	344.00103681517
97	37454	2.4	344.00103681517
97	40650	2.5	343.41739604256
97	46733	2.6	343.41739604256
97	48429	2.7	342.90920135979
97	48491	2.8	342.90920135979
97	48553	2.9	342.32051163752
97	48615	3	342.32051163752
97	48677	3.1	341.63724528298
97	48739	3.2	341.63724528298
97	48801	3.3	340.88686619913
97	49071	3.4	340.88686619913
97	49129	3.5	334.88686619913
97	49187	3.6	334.88686619913
97	49245	3.7	328.88686619913
97	49303	3.8	328.88686619913
97	49361	3.9	322.88686619913
97	49419	4	322.88686619913
97	49477	4.1	316.88686619913
97	49535	4.2	316.88686619913
97	49593	4.3	310.88686619913
97	49859	4.4	310.88686619913
97	49913	4.5	304.88686619913
97	49967	4.6	304.88686619913
97	50021	4.7	298.88686619913
97	50075	4.8	298.88686619913
97	50129	4.9	292.88686619913
97	50183	5	292.88686619913
97	50237	5.1	286.88686619913
97	50291	5.2	286.88686619913
97	50345	5.3	280.88686619913
97	50399	5.4	280.88686619913
97	50453	5.5	274.88686619913
97	50611	5.6	274.88686619913
97	50663	5.7	268.88686619913
97	50715	5.8	268.88686619913
97	50767	5.9	262.88686619913
97	50819	6	262.88686619913
97	50871	6.1	256.88686619913
97	50923	6.2	256.88686619913
97	50975	6.3	250.88686619913
97	51027	6.4	250.88686619913
97	51079	6.5	244.88686619913
97	51131	6.6	244.88686619913
97	51183	6.7	238.88686619913
97	51235	6.8	238.88686619913
97	51287	6.9	232.88686619913
97	51547	7	232.88686619913
97	51595	7.1	226.88686619913
97	51643	7.2	226.88686619913
97	51691	7.3	220.88686619913
97	51739	7.4	220.88686619913
97	51787	7.5	214.88686619913
97	51835	7.6	214.88686619913
97	51883	7.7	208.88686619913
97	52035	7.8	208.88686619913
97	52081	7.9	202.88686619913
97	52127	8	202.88686619913
97	52173	8.1	196.88686619913
97	52219	8.2	196.88686619913
97	52265	8.3	190.88686619913
97	52311	8.4	190.88686619913
97	52357	8.5	184.88686619913
97	52403	8.6	184.88686619913
97	52449	8.7	178.88686619913
97	52599	8.8	178.88686619913
97	52643	8.9	172.88686619913
97	52687	9	172.88686619913
97	52731	9.1	166.88686619913
97	52775	9.2	166.88686619913
97	52819	9.3	160.88686619913
97	52863	9.4	160.88686619913
97	52907	9.5	154.88686619913
97	53159	9.6	154.88686619913
97	53199	9.7	148.88686619913
97	53239	9.8	148.88686619913
97	53279	9.9	142.88686619913
97	53319	10	142.88686619913
97	53359	10.1	136.88686619913
97	53399	10.2	136.88686619913
97	53439	10.3	130.88686619913
97	53479	10.4	130.88686619913
97	53519	10.5	124.88686619913
97	53767	10.6	124.88686619913
97	53803	10.7	118.88686619913
97	53839	10.8	118.88686619913
97	53875	10.9	112.88686619913
97	53911	11	112.88686619913
97	53947	11.1	106.88686619913
97	53983	11.2	106.88686619913
97	54019	11.3	100.88686619913
97	54055	11.4	100.88686619913
97	54091	11.5	94.886866199129
97	54127	11.6	94.886866199129
97	54163	11.7	88.886866199129
97	54303	11.8	88.886866199129
97	54337	11.9	82.886866199129
97	54371	12	82.886866199129
97	54405	12.1	76.886866199129
97	54439	12.2	76.886866199129
97	54473	12.3	70.886866199129
97	54507	12.4	70.886866199129
97	54541	12.5	64.886866199129
97	54575	12.6	64.886866199129
97	54609	12.7	58.886866199129
97	54643	12.8	58.886866199129
97	54677	12.9	52.886866199129
97	54707	13	52.886866199129
97	54737	13.1	46.886866199129
97	54767	13.2	46.886866199129
97	54797	13.3	40.886866199129
97	54827	13.4	40.886866199129
97	54857	13.5	34.886866199129
97	54887	13.6	34.886866199129
97	54917	13.7	28.886866199129
97	54947	13.8	28.886866199129
34	37517	2.400297815935	1
34	37636	2.403612815935	2
34	37746	2.404836815935	3
34	37860	2.408177815935	4
34	38114	2.443396877972	5
34	38283	2.450873947262	6
34	38398	2.453567018937	7
34	38516	2.456702026408	8
34	38625	2.458277106407	9
34	38748	2.462270283149	10
34	38849	2.46350729764	11
34	38966	2.46683529764	12
34	39084	2.468267478886	13
34	39362	2.472106845627	14
34	39479	2.476620025229	15
34	39595	2.478052044126	16
34	39708	2.479471124184	17
34	39814	2.482138259166	18
34	39944	2.483583395349	19
34	40035	2.486705571151	20
34	40177	2.489905763904	21
34	40277	2.491883765173	22
34	40410	2.494888983252	23
34	40516	2.49648998403	24
34	40588	2.498909984831	25
34	40760	2.502749055122	26
34	40892	2.504168263779	27
34	41098	2.507032440699	28
34	41352	2.511253501783	29
34	41469	2.512672575831	30
34	41607	2.514117644331	31
34	41775	2.516230787771	32
34	41885	2.51826585942	33
34	42166	2.522383009456	34
34	42275	2.523802009456	35
34	42359	2.525221081755	36
34	42664	2.528701371861	37
34	42747	2.530120511693	38
34	42884	2.532168681811	39
34	42989	2.533600743069	40
34	43100	2.535648743069	41
34	43213	2.537696810701	42
34	43332	2.539745021559	43
34	43617	2.543251159811	44
34	43737	2.544683226931	45
34	44016	2.548766353435	46
34	44146	2.550840405051	47
34	44270	2.552259590858	48
34	44379	2.554333590858	49
34	44505	2.557265665316	50
34	44591	2.559976745394	51
34	44734	2.561408995844	52
34	44794	2.563482996131	53
34	44926	2.565518235074	54
34	45055	2.566937255225	55
34	45578	2.574487746086	56
34	45746	2.576523142733	57
34	46045	2.580016289912	58
34	46296	2.586826416814	59
34	46425	2.591344475754	60
34	46506	2.593418536838	61
34	46626	2.596194610886	62
34	46803	2.600777822826	63
34	46906	2.602851894475	64
34	47012	2.607746978566	65
34	47322	2.61101216862	66
34	47422	2.621874229878	67
34	47523	2.62708129751	68
34	47639	2.629116393696	69
34	47754	2.631164533395	70
34	47859	2.63551353389	71
34	47970	2.637574680928	72
34	48026	2.640116681215	73
34	48264	2.655158754059	74
34	48372	2.659572828107	75
33	1337	0.600531106214	1
33	3072	0.8	2
33	3383	0.825937202192	3
33	3826	0.850406544924	4
33	4239	0.875915998324	5
33	4898	0.901124607722	6
33	5512	0.925644114907	7
33	6368	0.950681927637	8
33	7200	0.97574605641	9
33	8393	1.001129229485	10
33	9432	1.026097845517	11
33	10714	1.050895178995	12
33	11958	1.075866490265	13
33	13452	1.100477169358	14
33	16512	1.150362692641	15
33	18067	1.176160620943	16
33	25004	1.27946136692	17
33	38012	2.436014209145	18
33	38229	2.45	20
33	40671	2.5	21
33	40687	2.500459295858	22
33	41848	2.517588880147	24
33	46031	2.579564045371	26
33	48806	3.3	28
125	824	0.5	0.973
125	1256	0.6	1.5210721789144
125	2106	0.7	0.973
125	3093	0.8	1.5063027394543
125	4790	0.9	0.973
125	8272	1	1.465685853312
125	13373	1.1	0.973
125	19882	1.2	1.4332341346341
125	25973	1.3	0.973
125	30245	1.4	1.3968847176998
125	32787	1.5	0.973
125	33675	1.6	1.36908328779
125	34149	1.7	0.973
125	34615	1.8	1.3384307097723
125	35085	1.9	0.973
125	35545	2	1.316730584522
125	36016	2.1	0.973
125	36485	2.2	1.2900098107648
125	36950	2.3	0.973
125	37454	2.4	1.2783729616496
125	40650	2.5	0.973
125	46733	2.6	1.2540038333768
125	48429	2.7	0.973
125	48491	2.8	1.2336074865117
125	48553	2.9	4.3409928096012
125	48615	3	1.2553557533649
125	48677	3.1	3.8133961380849
125	48739	3.2	1.2717148510443
125	48801	3.3	3.8089369175737
125	49071	3.4	1.2867834501046
125	49129	3.5	1915.4329010794
125	49187	3.6	5.05142976
125	49245	3.7	5.05142976
125	49303	3.8	5.05142976
125	49361	3.9	5.05142976
125	49419	4	5.05142976
125	49477	4.1	5.05142976
125	49535	4.2	5.05142976
125	49593	4.3	5.05142976
125	49859	4.4	5.05142976
125	49913	4.5	5.05142976
125	49967	4.6	5.05142976
125	50021	4.7	5.05142976
125	50075	4.8	5.05142976
125	50129	4.9	5.05142976
125	50183	5	5.05142976
125	50237	5.1	5.05142976
125	50291	5.2	5.05142976
125	50345	5.3	5.05142976
125	50399	5.4	5.05142976
125	50453	5.5	5.05142976
125	50611	5.6	5.05142976
125	50663	5.7	5.05142976
125	50715	5.8	5.05142976
125	50767	5.9	5.05142976
125	50819	6	5.05142976
125	50871	6.1	5.05142976
125	50923	6.2	5.05142976
125	50975	6.3	5.05142976
125	51027	6.4	5.05142976
125	51079	6.5	5.05142976
125	51131	6.6	5.05142976
125	51183	6.7	5.05142976
125	51235	6.8	5.05142976
125	51287	6.9	5.05142976
125	51547	7	5.05142976
125	51595	7.1	5.05142976
125	51643	7.2	5.05142976
125	51691	7.3	5.05142976
125	51739	7.4	5.05142976
125	51787	7.5	5.05142976
125	51835	7.6	5.05142976
125	51883	7.7	5.05142976
125	52035	7.8	5.05142976
125	52081	7.9	5.05142976
125	52127	8	5.05142976
125	52173	8.1	5.05142976
125	52219	8.2	5.05142976
125	52265	8.3	5.05142976
125	52311	8.4	5.05142976
125	52357	8.5	5.05142976
125	52403	8.6	5.05142976
125	52449	8.7	5.05142976
125	52599	8.8	5.05142976
125	52643	8.9	5.05142976
125	52687	9	5.05142976
125	52731	9.1	5.05142976
125	52775	9.2	5.05142976
125	52819	9.3	5.05142976
125	52863	9.4	5.05142976
125	52907	9.5	5.05142976
125	53159	9.6	5.05142976
125	53199	9.7	5.05142976
125	53239	9.8	5.05142976
125	53279	9.9	5.05142976
125	53319	10	5.05142976
125	53359	10.1	5.05142976
125	53399	10.2	5.05142976
125	53439	10.3	5.05142976
125	53479	10.4	5.05142976
125	53519	10.5	5.05142976
125	53767	10.6	5.05142976
125	53803	10.7	5.05142976
125	53839	10.8	5.05142976
125	53875	10.9	5.05142976
125	53911	11	5.05142976
125	53947	11.1	5.05142976
125	53983	11.2	5.05142976
125	54019	11.3	5.05142976
125	54055	11.4	5.05142976
125	54091	11.5	5.05142976
125	54127	11.6	5.05142976
125	54163	11.7	5.05142976
125	54303	11.8	5.05142976
125	54337	11.9	5.05142976
125	54371	12	5.05142976
125	54405	12.1	5.05142976
125	54439	12.2	5.05142976
125	54473	12.3	5.05142976
125	54507	12.4	5.05142976
125	54541	12.5	5.05142976
125	54575	12.6	5.05142976
125	54609	12.7	5.05142976
125	54643	12.8	5.05142976
125	54677	12.9	5.05142976
125	54707	13	5.05142976
125	54737	13.1	5.05142976
125	54767	13.2	5.05142976
125	54797	13.3	5.05142976
125	54827	13.4	5.05142976
125	54857	13.5	5.05142976
125	54887	13.6	5.05142976
125	54917	13.7	5.05142976
125	54947	13.8	5.05142976
124	824	0.5	-1.1694671840873
124	1256	0.6	0
124	2106	0.7	-2.3070581184102
124	3093	0.8	0
124	4790	0.9	-6.5264743219401
124	8272	1	0
124	13373	1.1	-5.4104468377434
124	19882	1.2	0
124	25973	1.3	-6.2703545897691
124	30245	1.4	0
124	32787	1.5	-4.9457272653097
124	33675	1.6	0
124	34149	1.7	-5.6012569191349
124	34615	1.8	0
124	35085	1.9	-4.0567302954125
124	35545	2	0
124	36016	2.1	-5.0946937603955
124	36485	2.2	0
124	36950	2.3	-2.2513617061425
124	37454	2.4	0
124	40650	2.5	-4.7745484601451
124	46733	2.6	0
124	48429	2.7	-4.0537083712494
124	48491	2.8	0
124	48553	2.9	4.3206129997037
124	48615	3	0
124	48677	3.1	3.2110104784369
124	48739	3.2	0
124	48801	3.3	2.9257224689238
124	49071	3.4	0
124	49129	3.5	264.2298023955
124	49187	3.6	0
124	49245	3.7	0
124	49303	3.8	0
124	49361	3.9	0
124	49419	4	0
124	49477	4.1	0
124	49535	4.2	0
124	49593	4.3	0
124	49859	4.4	0
124	49913	4.5	0
124	49967	4.6	0
124	50021	4.7	0
124	50075	4.8	0
124	50129	4.9	0
124	50183	5	0
124	50237	5.1	0
124	50291	5.2	0
124	50345	5.3	0
124	50399	5.4	0
124	50453	5.5	0
124	50611	5.6	0
124	50663	5.7	0
124	50715	5.8	0
124	50767	5.9	0
124	50819	6	0
124	50871	6.1	0
124	50923	6.2	0
124	50975	6.3	0
124	51027	6.4	0
124	51079	6.5	0
124	51131	6.6	0
124	51183	6.7	0
124	51235	6.8	0
124	51287	6.9	0
124	51547	7	0
124	51595	7.1	0
124	51643	7.2	0
124	51691	7.3	0
124	51739	7.4	0
124	51787	7.5	0
124	51835	7.6	0
124	51883	7.7	0
124	52035	7.8	0
124	52081	7.9	0
124	52127	8	0
124	52173	8.1	0
124	52219	8.2	0
124	52265	8.3	0
124	52311	8.4	0
124	52357	8.5	0
124	52403	8.6	0
124	52449	8.7	0
124	52599	8.8	0
124	52643	8.9	0
124	52687	9	0
124	52731	9.1	0
124	52775	9.2	0
124	52819	9.3	0
124	52863	9.4	0
124	52907	9.5	0
124	53159	9.6	0
124	53199	9.7	0
124	53239	9.8	0
124	53279	9.9	0
124	53319	10	0
124	53359	10.1	0
124	53399	10.2	0
124	53439	10.3	0
124	53479	10.4	0
124	53519	10.5	0
124	53767	10.6	0
124	53803	10.7	0
124	53839	10.8	0
124	53875	10.9	0
124	53911	11	0
124	53947	11.1	0
124	53983	11.2	0
124	54019	11.3	0
124	54055	11.4	0
124	54091	11.5	0
124	54127	11.6	0
124	54163	11.7	0
124	54303	11.8	0
124	54337	11.9	0
124	54371	12	0
124	54405	12.1	0
124	54439	12.2	0
124	54473	12.3	0
124	54507	12.4	0
124	54541	12.5	0
124	54575	12.6	0
124	54609	12.7	0
124	54643	12.8	0
124	54677	12.9	0
124	54707	13	0
124	54737	13.1	0
124	54767	13.2	0
124	54797	13.3	0
124	54827	13.4	0
124	54857	13.5	0
124	54887	13.6	0
124	54917	13.7	0
124	54947	13.8	0
105	403	0.4	7.777467948718
105	824	0.5	7.6605212303092
105	1256	0.6	7.6605212303092
105	2106	0.7	7.4298154184682
105	3093	0.8	7.4298154184682
105	4790	0.9	6.7771679862742
105	8272	1	6.7771679862742
105	13373	1.1	6.2361233024999
105	19882	1.2	6.2361233024999
105	25973	1.3	5.6090878435229
105	30245	1.4	5.6090878435229
105	32787	1.5	5.114515116992
105	33675	1.6	5.114515116992
105	34149	1.7	4.5543894250785
105	34615	1.8	4.5543894250785
105	35085	1.9	4.1487163955372
105	35545	2	4.1487163955372
105	36016	2.1	3.6392470194977
105	36485	2.2	3.6392470194977
105	36950	2.3	3.4141108488834
105	37454	2.4	3.4141108488834
105	40650	2.5	2.9366560028689
105	46733	2.6	2.9366560028689
105	48429	2.7	2.531285165744
105	48491	2.8	2.531285165744
105	48553	2.9	2.9633464657143
105	48615	3	2.9633464657143
105	48677	3.1	3.284447513558
105	48739	3.2	3.284447513558
105	48801	3.3	3.5770197604504
105	49071	3.4	3.5770197604504
105	49129	3.5	30
105	49187	3.6	30
105	49245	3.7	30
105	49303	3.8	30
105	49361	3.9	30
105	49419	4	30
105	49477	4.1	30
105	49535	4.2	30
105	49593	4.3	30
105	49859	4.4	30
105	49913	4.5	30
105	49967	4.6	30
105	50021	4.7	30
105	50075	4.8	30
105	50129	4.9	30
105	50183	5	30
105	50237	5.1	30
105	50291	5.2	30
105	50345	5.3	30
105	50399	5.4	30
105	50453	5.5	30
105	50611	5.6	30
105	50663	5.7	30
105	50715	5.8	30
105	50767	5.9	30
105	50819	6	30
105	50871	6.1	30
105	50923	6.2	30
105	50975	6.3	30
105	51027	6.4	30
105	51079	6.5	30
105	51131	6.6	30
105	51183	6.7	30
105	51235	6.8	30
105	51287	6.9	30
105	51547	7	30
105	51595	7.1	30
105	51643	7.2	30
105	51691	7.3	30
105	51739	7.4	30
105	51787	7.5	30
105	51835	7.6	30
105	51883	7.7	30
105	52035	7.8	30
105	52081	7.9	30
105	52127	8	30
105	52173	8.1	30
105	52219	8.2	30
105	52265	8.3	30
105	52311	8.4	30
105	52357	8.5	30
105	52403	8.6	30
105	52449	8.7	30
105	52599	8.8	30
105	52643	8.9	30
105	52687	9	30
105	52731	9.1	30
105	52775	9.2	30
105	52819	9.3	30
105	52863	9.4	30
105	52907	9.5	30
105	53159	9.6	30
105	53199	9.7	30
105	53239	9.8	30
105	53279	9.9	30
105	53319	10	30
105	53359	10.1	30
105	53399	10.2	30
105	53439	10.3	30
105	53479	10.4	30
105	53519	10.5	30
105	53767	10.6	30
105	53803	10.7	30
105	53839	10.8	30
105	53875	10.9	30
105	53911	11	30
105	53947	11.1	30
105	53983	11.2	30
105	54019	11.3	30
105	54055	11.4	30
105	54091	11.5	30
105	54127	11.6	30
105	54163	11.7	30
105	54303	11.8	30
105	54337	11.9	30
105	54371	12	30
105	54405	12.1	30
105	54439	12.2	30
105	54473	12.3	30
105	54507	12.4	30
105	54541	12.5	30
105	54575	12.6	30
105	54609	12.7	30
105	54643	12.8	30
105	54677	12.9	30
105	54707	13	30
105	54737	13.1	30
105	54767	13.2	30
105	54797	13.3	30
105	54827	13.4	30
105	54857	13.5	30
105	54887	13.6	30
105	54917	13.7	30
105	54947	13.8	30
38	51	0.3	326.6
38	403	0.4	326.6
38	824	0.5	326.6
38	1256	0.6	326.6
38	2106	0.7	326.6
38	3093	0.8	326.6
38	4790	0.9	326.6
38	8272	1	326.6
38	13373	1.1	326.6
38	19882	1.2	326.6
38	25973	1.3	326.6
38	30245	1.4	326.6
38	32787	1.5	326.6
38	33675	1.6	326.6
38	34149	1.7	326.6
38	34615	1.8	326.6
38	35085	1.9	326.6
38	35545	2	326.6
38	36016	2.1	326.6
38	36485	2.2	326.6
38	36950	2.3	326.6
38	37454	2.4	326.6
38	40650	2.5	326.6
38	46733	2.6	326.6
38	48429	2.7	326.6
38	48491	2.8	326.6
38	48553	2.9	326.6
38	48615	3	326.6
38	48677	3.1	326.6
38	48739	3.2	326.6
38	48801	3.3	326.6
38	49071	3.4	326.6
38	49129	3.5	326.6
38	49187	3.6	326.6
38	49245	3.7	326.6
38	49303	3.8	326.6
38	49361	3.9	326.6
38	49419	4	326.6
38	49477	4.1	326.6
38	49535	4.2	326.6
38	49593	4.3	326.6
38	49859	4.4	326.6
38	49913	4.5	326.6
38	49967	4.6	326.6
38	50021	4.7	326.6
38	50075	4.8	326.6
38	50129	4.9	326.6
38	50183	5	326.6
38	50237	5.1	326.6
38	50291	5.2	326.6
38	50345	5.3	326.6
38	50399	5.4	326.6
38	50453	5.5	326.6
38	50611	5.6	326.6
38	50663	5.7	326.6
38	50715	5.8	326.6
38	50767	5.9	326.6
38	50819	6	326.6
38	50871	6.1	326.6
38	50923	6.2	326.6
38	50975	6.3	326.6
38	51027	6.4	326.6
38	51079	6.5	326.6
38	51131	6.6	326.6
38	51183	6.7	326.6
38	51235	6.8	326.6
38	51287	6.9	326.6
38	51547	7	326.6
38	51595	7.1	326.6
38	51643	7.2	326.6
38	51691	7.3	326.6
38	51739	7.4	326.6
38	51787	7.5	326.6
38	51835	7.6	326.6
38	51883	7.7	326.6
38	52035	7.8	326.6
38	52081	7.9	326.6
38	52127	8	326.6
38	52173	8.1	326.6
38	52219	8.2	326.6
38	52265	8.3	326.6
38	52311	8.4	326.6
38	52357	8.5	326.6
38	52403	8.6	326.6
38	52449	8.7	326.6
38	52599	8.8	326.6
38	52643	8.9	326.6
38	52687	9	326.6
38	52731	9.1	326.6
38	52775	9.2	326.6
38	52819	9.3	326.6
38	52863	9.4	326.6
38	52907	9.5	326.6
38	53159	9.6	326.6
38	53199	9.7	326.6
38	53239	9.8	326.6
38	53279	9.9	326.6
38	53319	10	326.6
38	53359	10.1	326.6
38	53399	10.2	326.6
38	53439	10.3	326.6
38	53479	10.4	326.6
38	53519	10.5	326.6
38	53767	10.6	326.6
38	53803	10.7	326.6
38	53839	10.8	326.6
38	53875	10.9	326.6
38	53911	11	326.6
38	53947	11.1	326.6
38	53983	11.2	326.6
38	54019	11.3	326.6
38	54055	11.4	326.6
38	54091	11.5	326.6
38	54127	11.6	326.6
38	54163	11.7	326.6
38	54303	11.8	326.6
38	54337	11.9	326.6
38	54371	12	326.6
38	54405	12.1	326.6
38	54439	12.2	326.6
38	54473	12.3	326.6
38	54507	12.4	326.6
38	54541	12.5	326.6
38	54575	12.6	326.6
38	54609	12.7	326.6
38	54643	12.8	326.6
38	54677	12.9	326.6
38	54707	13	326.6
38	54737	13.1	326.6
38	54767	13.2	326.6
38	54797	13.3	326.6
38	54827	13.4	326.6
38	54857	13.5	326.6
38	54887	13.6	326.6
38	54917	13.7	326.6
38	54947	13.8	326.6
37	51	0.3	295
37	403	0.4	295
37	824	0.5	296.53210424606
37	1256	0.6	296.53210424606
37	2106	0.7	298.01806732976
37	3093	0.8	298.01806732976
37	4790	0.9	299.37350092701
37	8272	1	299.37350092701
37	13373	1.1	300.62072558751
37	19882	1.2	300.62072558751
37	25973	1.3	301.74254315621
37	30245	1.4	301.74254315621
37	32787	1.5	302.76544617961
37	33675	1.6	302.76544617961
37	34149	1.7	303.67632406463
37	34615	1.8	303.67632406463
37	35085	1.9	304.50606734374
37	35545	2	304.50606734374
37	36016	2.1	305.23391674764
37	36485	2.2	305.23391674764
37	36950	2.3	305.91673891741
37	37454	2.4	305.91673891741
37	40650	2.5	306.50407011799
37	46733	2.6	306.50407011799
37	48429	2.7	307.01032715114
37	48491	2.8	307.01032715114
37	48553	2.9	307.60299644428
37	48615	3	307.60299644428
37	48677	3.1	308.25988594699
37	48739	3.2	308.25988594699
37	48801	3.3	308.97528989908
37	49071	3.4	308.97528989908
37	49129	3.5	314.97528989908
37	49187	3.6	314.97528989908
37	49245	3.7	320.97528989908
37	49303	3.8	320.97528989908
37	49361	3.9	326.97528989908
37	49419	4	326.97528989908
37	49477	4.1	332.97528989908
37	49535	4.2	332.97528989908
37	49593	4.3	338.97528989908
37	49859	4.4	338.97528989908
37	49913	4.5	344.97528989908
37	49967	4.6	344.97528989908
37	50021	4.7	350.97528989908
37	50075	4.8	350.97528989908
37	50129	4.9	356.97528989908
37	50183	5	356.97528989908
37	50237	5.1	362.97528989908
37	50291	5.2	362.97528989908
37	50345	5.3	368.97528989908
37	50399	5.4	368.97528989908
37	50453	5.5	374.97528989908
37	50611	5.6	374.97528989908
37	50663	5.7	380.97528989908
37	50715	5.8	380.97528989908
37	50767	5.9	386.97528989908
37	50819	6	386.97528989908
37	50871	6.1	392.97528989908
37	50923	6.2	392.97528989908
37	50975	6.3	398.97528989908
37	51027	6.4	398.97528989908
37	51079	6.5	404.97528989908
37	51131	6.6	404.97528989908
37	51183	6.7	410.97528989908
37	51235	6.8	410.97528989908
37	51287	6.9	416.97528989908
37	51547	7	416.97528989908
37	51595	7.1	422.97528989908
37	51643	7.2	422.97528989908
37	51691	7.3	428.97528989908
37	51739	7.4	428.97528989908
37	51787	7.5	434.97528989908
37	51835	7.6	434.97528989908
37	51883	7.7	440.97528989908
37	52035	7.8	440.97528989908
37	52081	7.9	446.97528989908
37	52127	8	446.97528989908
37	52173	8.1	452.97528989908
37	52219	8.2	452.97528989908
37	52265	8.3	458.97528989908
37	52311	8.4	458.97528989908
37	52357	8.5	464.97528989908
37	52403	8.6	464.97528989908
37	52449	8.7	470.97528989908
37	52599	8.8	470.97528989908
37	52643	8.9	476.97528989908
37	52687	9	476.97528989908
37	52731	9.1	482.97528989908
37	52775	9.2	482.97528989908
37	52819	9.3	488.97528989908
37	52863	9.4	488.97528989908
37	52907	9.5	494.97528989908
37	53159	9.6	494.97528989908
37	53199	9.7	500.97528989908
37	53239	9.8	500.97528989908
37	53279	9.9	506.97528989908
37	53319	10	506.97528989908
37	53359	10.1	512.97528989908
37	53399	10.2	512.97528989908
37	53439	10.3	518.97528989908
37	53479	10.4	518.97528989908
37	53519	10.5	524.97528989908
37	53767	10.6	524.97528989908
37	53803	10.7	530.97528989908
37	53839	10.8	530.97528989908
37	53875	10.9	536.97528989908
37	53911	11	536.97528989908
37	53947	11.1	542.97528989908
37	53983	11.2	542.97528989908
37	54019	11.3	548.97528989908
37	54055	11.4	548.97528989908
37	54091	11.5	554.97528989908
37	54127	11.6	554.97528989908
37	54163	11.7	560.97528989908
37	54303	11.8	560.97528989908
37	54337	11.9	566.97528989908
37	54371	12	566.97528989908
37	54405	12.1	572.97528989908
37	54439	12.2	572.97528989908
37	54473	12.3	578.97528989908
37	54507	12.4	578.97528989908
37	54541	12.5	584.97528989908
37	54575	12.6	584.97528989908
37	54609	12.7	590.97528989908
37	54643	12.8	590.97528989908
37	54677	12.9	596.97528989908
37	54707	13	596.97528989908
37	54737	13.1	602.97528989908
37	54767	13.2	602.97528989908
37	54797	13.3	608.97528989908
37	54827	13.4	608.97528989908
37	54857	13.5	614.97528989908
37	54887	13.6	614.97528989908
37	54917	13.7	620.97528989908
37	54947	13.8	620.97528989908
