version 3
run WithChannelSwitching-0-20251212-23:06:04-209192
attr configname WithChannelSwitching
attr datetime 20251212-23:06:04
attr datetimef 20251212-230604
attr experiment WithChannelSwitching
attr inifile omnetpp.ini
attr iterationvars ""
attr iterationvarsd ""
attr iterationvarsf ""
attr measurement ""
attr network fourWay
attr processid 209192
attr repetition 0
attr replication #0
attr resultdir results
attr runnumber 0
attr seedset 0
config image-path ../../../../mnt/c/Users/yashm/src/veins-veins-5.3.1/images
config *.**.nic.mac1609_4.useServiceChannel true
config *.node[*].appl.dataOnSch true
config *.rsu[*].appl.dataOnSch true
config *.node[0].appl.gatewayHost "\"127.0.0.1\""
config *.node[0].appl.gatewayPort 9001
config *.node[0].appl.carId "\"CAR_0\""
config *.node[0].appl.direction "\"straight\""
config *.node[0].appl.stopDistance 50m
config *.node[0].appl.intersectionX 104m
config *.node[0].appl.intersectionY 82m
config *.node[1].appl.gatewayHost "\"127.0.0.1\""
config *.node[1].appl.gatewayPort 9002
config *.node[1].appl.carId "\"CAR_1\""
config *.node[1].appl.direction "\"right\""
config *.node[1].appl.stopDistance 50m
config *.node[1].appl.intersectionX 104m
config *.node[1].appl.intersectionY 82m
config *.node[2].appl.gatewayHost "\"127.0.0.1\""
config *.node[2].appl.gatewayPort 9003
config *.node[2].appl.carId "\"CAR_2\""
config *.node[2].appl.direction "\"left\""
config *.node[2].appl.stopDistance 50m
config *.node[2].appl.intersectionX 104m
config *.node[2].appl.intersectionY 82m
config *.node[3].appl.gatewayHost "\"127.0.0.1\""
config *.node[3].appl.gatewayPort 9004
config *.node[3].appl.carId "\"CAR_3\""
config *.node[3].appl.direction "\"right\""
config *.node[3].appl.stopDistance 50m
config *.node[3].appl.intersectionX 104m
config *.node[3].appl.intersectionY 82m
config cmdenv-express-mode true
config cmdenv-autoflush true
config cmdenv-status-frequency 1s
config **.cmdenv-log-level info
config image-path ../../images
config network fourWay
config debug-on-errors true
config print-undisposed true
config sim-time-limit 200s
config **.scalar-recording true
config **.vector-recording true
config *.playgroundSizeX 2500m
config *.playgroundSizeY 2500m
config *.playgroundSizeZ 50m
config *.annotations.draw true
config *.obstacles.debug false
config *.manager.updateInterval 0.1s
config *.manager.host "\"localhost\""
config *.manager.port 9999
config *.manager.autoShutdown true
config *.manager.launchConfig "xmldoc(\"osm.launchd.xml\")"
config *.manager.trafficLightModuleType "\"org.car2x.veins.nodes.TrafficLight\""
config *.tls[*].mobility.x 0
config *.tls[*].mobility.y 0
config *.tls[*].mobility.z 3
config *.tls[*].applType "\"org.car2x.veins.modules.application.traci.TraCIDemoTrafficLightApp\""
config *.tls[*].logicType "\"org.car2x.veins.modules.world.traci.trafficLight.logics.TraCITrafficLightSimpleLogic\""
config *.rsu[0].mobility.x 2000
config *.rsu[0].mobility.y 2000
config *.rsu[0].mobility.z 3
config *.rsu[*].applType "\"TraCIDemoRSU11p\""
config *.rsu[*].appl.headerLength "80 bit"
config *.rsu[*].appl.sendBeacons false
config *.rsu[*].appl.dataOnSch false
config *.rsu[*].appl.beaconInterval 1s
config *.rsu[*].appl.beaconUserPriority 7
config *.rsu[*].appl.dataUserPriority 5
config *.rsu[*].nic.phy80211p.antennaOffsetZ "0 m"
config *.connectionManager.sendDirect true
config *.connectionManager.maxInterfDist 2600m
config *.connectionManager.drawMaxIntfDist false
config *.connectionManagerName "\"connectionManager\""
config *.**.nic.mac1609_4.useServiceChannel false
config *.**.nic.mac1609_4.txPower 20mW
config *.**.nic.mac1609_4.bitrate 6Mbps
config *.**.nic.phy80211p.minPowerLevel -110dBm
config *.**.nic.phy80211p.useNoiseFloor true
config *.**.nic.phy80211p.noiseFloor -98dBm
config *.**.nic.phy80211p.decider "xmldoc(\"config.xml\")"
config *.**.nic.phy80211p.analogueModels "xmldoc(\"config.xml\")"
config *.**.nic.phy80211p.usePropagationDelay true
config *.**.nic.phy80211p.antenna "xmldoc(\"antenna.xml\", \"/root/Antenna[@id='monopole']\")"
config *.node[*].nic.phy80211p.antennaOffsetY "0 m"
config *.node[*].nic.phy80211p.antennaOffsetZ "1.895 m"
config *.node[*].applType "\"src.IntersectionApp\""
config *.node[*].appl.headerLength "80 bit"
config *.node[*].appl.sendBeacons false
config *.node[*].appl.dataOnSch false
config *.node[*].appl.beaconInterval 1s
config *.node[*].nic.phy80211p.connectionManagerName "\"connectionManager\""
config *.node[*].veinsmobility.x 0
config *.node[*].veinsmobility.y 0
config *.node[*].veinsmobility.z 0
config *.node[*].veinsmobility.setHostSpeed false
config *.node[0].veinsmobility.accidentCount 0
config *.node[0].veinsmobility.accidentStart 73s
config *.node[0].veinsmobility.accidentDuration 50s

vector 0 fourWay.node[0].nic.phy80211p RadioState ETV
vector 1 fourWay.node[0].nic.phy80211p RadioChannel ETV
vector 2 fourWay.manager posx ETV
vector 3 fourWay.manager posy ETV
vector 4 fourWay.node[1].nic.phy80211p RadioState ETV
vector 5 fourWay.node[1].nic.phy80211p RadioChannel ETV
vector 6 fourWay.manager posx ETV
vector 7 fourWay.manager posy ETV
vector 8 fourWay.node[2].nic.phy80211p RadioState ETV
vector 9 fourWay.node[2].nic.phy80211p RadioChannel ETV
vector 10 fourWay.manager posx ETV
vector 11 fourWay.manager posy ETV
vector 12 fourWay.node[3].nic.phy80211p RadioState ETV
vector 13 fourWay.node[3].nic.phy80211p RadioChannel ETV
vector 14 fourWay.manager posx ETV
vector 15 fourWay.manager posy ETV
vector 16 fourWay.manager speed ETV
vector 17 fourWay.manager speed ETV
vector 18 fourWay.manager speed ETV
vector 19 fourWay.manager speed ETV
vector 20 fourWay.manager acceleration ETV
vector 21 fourWay.manager co2emission ETV
vector 22 fourWay.manager acceleration ETV
vector 23 fourWay.manager co2emission ETV
vector 24 fourWay.manager acceleration ETV
vector 25 fourWay.manager co2emission ETV
vector 26 fourWay.manager acceleration ETV
vector 27 fourWay.manager co2emission ETV
23	151	10.3	0.973
23	218	10.4	1.5528315105906
23	328	10.5	0.973
23	475	10.6	1.4946295856263
23	596	10.7	0.973
23	609	10.8	1.4396803856919
23	622	10.9	0.973
23	635	11	1.3875798455665
23	648	11.1	0.973
23	661	11.2	1.3379239000289
23	674	11.3	0.973
23	687	11.4	1.2903084838579
23	700	11.5	0.973
23	713	11.6	1.2443295318324
23	726	11.7	0.973
23	739	11.8	1.1995829787314
23	752	11.9	0.973
23	765	12	1.1556647593336
23	778	12.1	0.973
23	791	12.2	1.112170808418
23	804	12.3	0.973
23	817	12.4	0.973
23	830	12.5	0.973
23	843	12.6	0.973
23	856	12.7	0.973
23	869	12.8	0.973
23	882	12.9	0.973
23	895	13	0.973
23	908	13.1	0.973
23	921	13.2	0.973
23	934	13.3	0.973
23	947	13.4	0.973
23	960	13.5	0.973
23	973	13.6	0.973
23	986	13.7	0.973
23	999	13.8	0.973
23	1012	13.9	0.973
23	1025	14	0.973
23	1038	14.1	0.973
23	1051	14.2	0.973
23	1064	14.3	0.973
23	1077	14.4	0.973
23	1090	14.5	0.973
23	1103	14.6	0.973
23	1116	14.7	0.973
23	1129	14.8	0.973
23	1142	14.9	0.973
23	1155	15	0.973
23	1168	15.1	0.973
23	1181	15.2	0.973
23	1194	15.3	0.973
23	1207	15.4	0.973
23	1220	15.5	0.973
23	1233	15.6	0.973
23	1247	15.7	1.7867617892096
23	1260	15.8	1.1350977892096
23	1273	15.9	2.4636015136765
23	1286	16	1.1602735136765
23	1299	16.1	3.1405971086581
23	1312	16.2	1.1856051086581
23	1325	16.3	3.8178265094118
23	1338	16.4	1.2111705094118
23	1351	16.5	4.4953676511949
23	1364	16.6	1.2370476511949
23	1377	16.7	3.853801162866
23	1390	16.8	1.2553780266388
23	1403	16.9	3.6558052414915
23	1416	17	1.2708073232748
23	1429	17.1	4.9005806228889
23	1442	17.2	1.2918289124979
23	1455	17.3	6.2661813615229
23	1468	17.4	1.3177012033406
23	1481	17.5	7.115429618769
23	1494	17.6	1.3451648701692
23	1507	17.7	5.3001249578483
23	1520	17.8	1.3630315826288
23	1533	17.9	5.9930099014954
23	1546	18	1.3828992418488
23	1559	18.1	7.3533921635234
23	1572	18.2	1.4071360531427
23	1585	18.3	8.5565674608665
23	1598	18.4	1.4346579214799
23	1611	18.5	8.3346063323481
23	1624	18.6	1.4601921069891
23	1637	18.7	9.0983655665252
23	1650	18.8	1.4874200765908
23	1663	18.9	8.0385670132816
23	1676	19	1.51022040674
23	1689	19.1	10.21646489778
23	1702	19.2	1.5395656492992
23	1715	19.3	9.983563868145
23	1728	19.4	1.567407052166
23	1741	19.5	8.7916215674986
23	1754	19.6	1.5908919285864
23	1767	19.7	10.710473606459
23	1780	19.8	1.6199527614819
23	1793	19.9	11.946242960831
23	1806	20	1.6522964101136
23	1819	20.1	13.576174805069
23	1832	20.2	1.6890443629455
23	1845	20.3	9.1620727010342
23	1858	20.4	1.7120636487905
23	1898	20.5	8.5581336942785
23	1912	20.6	1.7330546023092
23	1925	20.7	9.2059315006825
23	1965	20.8	1.7558314688622
23	2005	20.9	0.973
23	2045	21	1.7032371856567
23	2058	21.1	0.973
23	2071	21.2	1.6360714700149
23	2084	21.3	0.973
23	2124	21.4	1.5837407226539
23	2164	21.5	0.973
23	2204	21.6	1.5245696766184
23	2217	21.7	0.973
23	2257	21.8	1.4679735208001
23	2297	21.9	0.973
23	2337	22	1.414436877929
23	2350	22.1	0.973
23	2363	22.2	1.3654313051589
23	2376	22.3	0.973
23	2416	22.4	1.3259387519855
23	2456	22.5	0.973
23	2496	22.6	1.2910259237178
23	2509	22.7	1.5110265820768
23	2549	22.8	1.2923065174743
23	2589	22.9	2.444393672584
23	2602	23	1.2988132061215
23	2615	23.1	0.973
23	2628	23.2	1.2901808430548
23	2641	23.3	0.973
23	2681	23.4	1.2884029138508
23	2694	23.5	2.5862943646386
23	2734	23.6	1.2958249720909
22	151	10.3	-9
22	218	10.4	0
22	328	10.5	-9
22	475	10.6	0
22	596	10.7	-9
22	609	10.8	0
22	622	10.9	-9
22	635	11	0
22	648	11.1	-9
22	661	11.2	0
22	674	11.3	-9
22	687	11.4	0
22	700	11.5	-9
22	713	11.6	0
22	726	11.7	-9
22	739	11.8	0
22	752	11.9	-9
22	765	12	0
22	778	12.1	-9
22	791	12.2	0
22	804	12.3	-0.44999999999998
22	817	12.4	0
22	830	12.5	0
22	843	12.6	0
22	856	12.7	0
22	869	12.8	0
22	882	12.9	0
22	895	13	0
22	908	13.1	0
22	921	13.2	0
22	934	13.3	0
22	947	13.4	0
22	960	13.5	0
22	973	13.6	0
22	986	13.7	0
22	999	13.8	0
22	1012	13.9	0
22	1025	14	0
22	1038	14.1	0
22	1051	14.2	0
22	1064	14.3	0
22	1077	14.4	0
22	1090	14.5	0
22	1103	14.6	0
22	1116	14.7	0
22	1129	14.8	0
22	1142	14.9	0
22	1155	15	0
22	1168	15.1	0
22	1181	15.2	0
22	1194	15.3	0
22	1207	15.4	0
22	1220	15.5	0
22	1233	15.6	0
22	1247	15.7	5.2
22	1260	15.8	0
22	1273	15.9	5.2
22	1286	16	0
22	1299	16.1	5.2
22	1312	16.2	0
22	1325	16.3	5.2
22	1338	16.4	0
22	1351	16.5	5.2
22	1364	16.6	0
22	1377	16.7	3.6378600605764
22	1390	16.8	0
22	1403	16.9	3.0294104097411
22	1416	17	0
22	1429	17.1	4.0753915634472
22	1442	17.2	0
22	1455	17.3	4.9275301189628
22	1468	17.4	0
22	1481	17.5	5.117385521112
22	1494	17.6	0
22	1507	17.7	3.263934743451
22	1520	17.8	0
22	1533	17.9	3.5675886910874
22	1546	18	0
22	1559	18.1	4.2626978293061
22	1572	18.2	0
22	1585	18.3	4.7205113856122
22	1598	18.4	0
22	1611	18.5	4.2657918256242
22	1624	18.6	0
22	1637	18.7	4.4294225914869
22	1650	18.8	0
22	1663	18.9	3.6159802093171
22	1676	19	0
22	1689	19.1	4.5318843115121
22	1702	19.2	0
22	1715	19.3	4.1761731664185
22	1728	19.4	0
22	1741	19.5	3.4321949029807
22	1754	19.6	0
22	1767	19.7	4.1364112065174
22	1780	19.8	0
22	1793	19.9	4.4653434274252
22	1806	20	0
22	1819	20.1	4.9049299853388
22	1832	20.2	0
22	1845	20.3	2.9854305052198
22	1858	20.4	0
22	1898	20.5	2.6663439678494
22	1912	20.6	0
22	1925	20.7	2.8348563026637
22	1965	20.8	0
22	2005	20.9	-6.6382090231286
22	2045	21	0
22	2058	21.1	-8.975538159062
22	2071	21.2	0
22	2084	21.3	-7.4160750642341
22	2124	21.4	0
22	2164	21.5	-8.8707852923032
22	2204	21.6	0
22	2217	21.7	-9
22	2257	21.8	0
22	2297	21.9	-9
22	2337	22	0
22	2350	22.1	-8.660559826321
22	2363	22.2	0
22	2376	22.3	-7.2682654964273
22	2416	22.4	0
22	2456	22.5	-6.6295006861022
22	2496	22.6	0
22	2509	22.7	0.24638627055101
22	2549	22.8	0
22	2589	22.9	1.2481898625381
22	2602	23	0
22	2615	23.1	-1.6572996488307
22	2628	23.2	0
22	2641	23.3	-0.34268317231908
22	2681	23.4	0
22	2694	23.5	1.4275151766371
22	2734	23.6	0
17	138	10.2	9.045
17	151	10.3	8.145
17	218	10.4	8.145
17	328	10.5	7.245
17	475	10.6	7.245
17	596	10.7	6.345
17	609	10.8	6.345
17	622	10.9	5.445
17	635	11	5.445
17	648	11.1	4.545
17	661	11.2	4.545
17	674	11.3	3.645
17	687	11.4	3.645
17	700	11.5	2.745
17	713	11.6	2.745
17	726	11.7	1.845
17	739	11.8	1.845
17	752	11.9	0.945
17	765	12	0.945
17	778	12.1	0.044999999999998
17	791	12.2	0.044999999999998
17	804	12.3	0
17	817	12.4	0
17	830	12.5	0
17	843	12.6	0
17	856	12.7	0
17	869	12.8	0
17	882	12.9	0
17	895	13	0
17	908	13.1	0
17	921	13.2	0
17	934	13.3	0
17	947	13.4	0
17	960	13.5	0
17	973	13.6	0
17	986	13.7	0
17	999	13.8	0
17	1012	13.9	0
17	1025	14	0
17	1038	14.1	0
17	1051	14.2	0
17	1064	14.3	0
17	1077	14.4	0
17	1090	14.5	0
17	1103	14.6	0
17	1116	14.7	0
17	1129	14.8	0
17	1142	14.9	0
17	1155	15	0
17	1168	15.1	0
17	1181	15.2	0
17	1194	15.3	0
17	1207	15.4	0
17	1220	15.5	0
17	1233	15.6	0
17	1247	15.7	0.52
17	1260	15.8	0.52
17	1273	15.9	1.04
17	1286	16	1.04
17	1299	16.1	1.56
17	1312	16.2	1.56
17	1325	16.3	2.08
17	1338	16.4	2.08
17	1351	16.5	2.6
17	1364	16.6	2.6
17	1377	16.7	2.9637860060576
17	1390	16.8	2.9637860060576
17	1403	16.9	3.2667270470317
17	1416	17	3.2667270470317
17	1429	17.1	3.6742662033765
17	1442	17.2	3.6742662033765
17	1455	17.3	4.1670192152727
17	1468	17.4	4.1670192152727
17	1481	17.5	4.6787577673839
17	1494	17.6	4.6787577673839
17	1507	17.7	5.005151241729
17	1520	17.8	5.005151241729
17	1533	17.9	5.3619101108378
17	1546	18	5.3619101108378
17	1559	18.1	5.7881798937684
17	1572	18.2	5.7881798937684
17	1585	18.3	6.2602310323296
17	1598	18.4	6.2602310323296
17	1611	18.5	6.686810214892
17	1624	18.6	6.686810214892
17	1637	18.7	7.1297524740407
17	1650	18.8	7.1297524740407
17	1663	18.9	7.4913504949724
17	1676	19	7.4913504949724
17	1689	19.1	7.9445389261236
17	1702	19.2	7.9445389261236
17	1715	19.3	8.3621562427655
17	1728	19.4	8.3621562427655
17	1741	19.5	8.7053757330636
17	1754	19.6	8.7053757330636
17	1767	19.7	9.1190168537153
17	1780	19.8	9.1190168537153
17	1793	19.9	9.5655511964578
17	1806	20	9.5655511964578
17	1819	20.1	10.056044194992
17	1832	20.2	10.056044194992
17	1845	20.3	10.354587245514
17	1858	20.4	10.354587245514
17	1898	20.5	10.621221642299
17	1912	20.6	10.621221642299
17	1925	20.7	10.904707272565
17	1965	20.8	10.904707272565
17	2005	20.9	10.240886370252
17	2045	21	10.240886370252
17	2058	21.1	9.3433325543459
17	2071	21.2	9.3433325543459
17	2084	21.3	8.6017250479225
17	2124	21.4	8.6017250479225
17	2164	21.5	7.7146465186922
17	2204	21.6	7.7146465186922
17	2217	21.7	6.8146465186922
17	2257	21.8	6.8146465186922
17	2297	21.9	5.9146465186922
17	2337	22	5.9146465186922
17	2350	22.1	5.0485905360601
17	2363	22.2	5.0485905360601
17	2376	22.3	4.3217639864174
17	2416	22.4	4.3217639864174
17	2456	22.5	3.6588139178072
17	2496	22.6	3.6588139178072
17	2509	22.7	3.6834525448623
17	2549	22.8	3.6834525448623
17	2589	22.9	3.8082715311161
17	2602	23	3.8082715311161
17	2615	23.1	3.642541566233
17	2628	23.2	3.642541566233
17	2641	23.3	3.6082732490011
17	2681	23.4	3.6082732490011
17	2694	23.5	3.7510247666648
17	2734	23.6	3.7510247666648
7	102	10.1	79.796
7	138	10.2	79.796
7	151	10.3	81.0379496
7	218	10.4	81.0379496
7	328	10.5	82.1426672
7	475	10.6	82.1426672
7	596	10.7	83.1101528
7	609	10.8	83.1101528
7	622	10.9	83.9404064
7	635	11	83.9404064
7	648	11.1	84.633428
7	661	11.2	84.633428
7	674	11.3	85.1892176
7	687	11.4	85.1892176
7	700	11.5	85.6077752
7	713	11.6	85.6077752
7	726	11.7	85.8891008
7	739	11.8	85.8891008
7	752	11.9	86.0331944
7	765	12	86.0331944
7	778	12.1	86.040056
7	791	12.2	86.040056
7	804	12.3	86.040056
7	817	12.4	86.040056
7	830	12.5	86.040056
7	843	12.6	86.040056
7	856	12.7	86.040056
7	869	12.8	86.040056
7	882	12.9	86.040056
7	895	13	86.040056
7	908	13.1	86.040056
7	921	13.2	86.040056
7	934	13.3	86.040056
7	947	13.4	86.040056
7	960	13.5	86.040056
7	973	13.6	86.040056
7	986	13.7	86.040056
7	999	13.8	86.040056
7	1012	13.9	86.040056
7	1025	14	86.040056
7	1038	14.1	86.040056
7	1051	14.2	86.040056
7	1064	14.3	86.040056
7	1077	14.4	86.040056
7	1090	14.5	86.040056
7	1103	14.6	86.040056
7	1116	14.7	86.040056
7	1129	14.8	86.040056
7	1142	14.9	86.040056
7	1155	15	86.040056
7	1168	15.1	86.040056
7	1181	15.2	86.040056
7	1194	15.3	86.040056
7	1207	15.4	86.040056
7	1220	15.5	86.040056
7	1233	15.6	86.040056
7	1247	15.7	86.1193456
7	1260	15.8	86.1193456
7	1273	15.9	86.2779248
7	1286	16	86.2779248
7	1299	16.1	86.5157936
7	1312	16.2	86.5157936
7	1325	16.3	86.832952
7	1338	16.4	86.832952
7	1351	16.5	87.2294
7	1364	16.6	87.2294
7	1377	16.7	87.749197216607
7	1390	16.8	87.749197216607
7	1403	16.9	88.376695310007
7	1416	17	88.376695310007
7	1429	17.1	89.082476663659
7	1442	17.2	89.082476663659
7	1455	17.3	89.882909811302
7	1468	17.4	89.882909811302
7	1481	17.5	90.781641641738
7	1494	17.6	90.781641641738
7	1507	17.7	91.743069644797
7	1520	17.8	91.743069644797
7	1533	17.9	92.773026639395
7	1546	18	92.773026639395
7	1559	18.1	93.884864817273
7	1572	18.2	93.884864817273
7	1585	18.3	95.087378213855
7	1598	18.4	95.087378213855
7	1611	18.5	96.371832225581
7	1624	18.6	96.371832225581
7	1637	18.7	97.74136999824
7	1650	18.8	97.74136999824
7	1663	18.9	99.180366303995
7	1676	19	99.180366303995
7	1689	19.1	100.70641453432
7	1702	19.2	100.70641453432
7	1715	19.3	102.31268191556
7	1728	19.4	102.31268191556
7	1741	19.5	103.98487754017
7	1754	19.6	103.98487754017
7	1767	19.7	105.73652853733
7	1780	19.8	105.73652853733
7	1793	19.9	107.57396208395
7	1806	20	107.57396208395
7	1819	20.1	109.50990113107
7	1832	20.2	109.50990113107
7	1845	20.3	111.50331418463
7	1858	20.4	111.50331418463
7	1898	20.5	113.54805835109
7	1912	20.6	113.54805835109
7	1925	20.7	115.64737774518
7	1965	20.8	115.64737774518
7	2005	20.9	117.61890167814
7	2045	21	117.61890167814
7	2058	21.1	119.4176330651
7	2071	21.2	119.4176330651
7	2084	21.3	121.07359390516
7	2124	21.4	121.07359390516
7	2164	21.5	122.55877884873
7	2204	21.6	122.55877884873
7	2217	21.7	123.87070031924
7	2257	21.8	123.87070031924
7	2297	21.9	125.00935831671
7	2337	22	125.00935831671
7	2350	22.1	125.9812875726
7	2363	22.2	125.9812875726
7	2376	22.3	126.81329183705
7	2416	22.4	126.81329183705
7	2456	22.5	127.30402848423
7	2496	22.6	127.30402848423
7	2509	22.7	127.78279471926
7	2549	22.8	127.78279471926
7	2589	22.9	127.94104057805
7	2602	23	127.94104057805
7	2615	23.1	127.58456119659
7	2628	23.2	127.58456119659
7	2641	23.3	126.98888057742
7	2681	23.4	126.98888057742
7	2694	23.5	126.27435082404
7	2734	23.6	126.27435082404
6	102	10.1	121.656
6	138	10.2	121.656
6	151	10.3	122.0019996
6	218	10.4	122.0019996
6	328	10.5	122.3097672
6	475	10.6	122.3097672
6	596	10.7	122.5793028
6	609	10.8	122.5793028
6	622	10.9	122.8106064
6	635	11	122.8106064
6	648	11.1	123.003678
6	661	11.2	123.003678
6	674	11.3	123.1585176
6	687	11.4	123.1585176
6	700	11.5	123.2751252
6	713	11.6	123.2751252
6	726	11.7	123.3535008
6	739	11.8	123.3535008
6	752	11.9	123.3936444
6	765	12	123.3936444
6	778	12.1	123.395556
6	791	12.2	123.395556
6	804	12.3	123.395556
6	817	12.4	123.395556
6	830	12.5	123.395556
6	843	12.6	123.395556
6	856	12.7	123.395556
6	869	12.8	123.395556
6	882	12.9	123.395556
6	895	13	123.395556
6	908	13.1	123.395556
6	921	13.2	123.395556
6	934	13.3	123.395556
6	947	13.4	123.395556
6	960	13.5	123.395556
6	973	13.6	123.395556
6	986	13.7	123.395556
6	999	13.8	123.395556
6	1012	13.9	123.395556
6	1025	14	123.395556
6	1038	14.1	123.395556
6	1051	14.2	123.395556
6	1064	14.3	123.395556
6	1077	14.4	123.395556
6	1090	14.5	123.395556
6	1103	14.6	123.395556
6	1116	14.7	123.395556
6	1129	14.8	123.395556
6	1142	14.9	123.395556
6	1155	15	123.395556
6	1168	15.1	123.395556
6	1181	15.2	123.395556
6	1194	15.3	123.395556
6	1207	15.4	123.395556
6	1220	15.5	123.395556
6	1233	15.6	123.395556
6	1247	15.7	123.4176456
6	1260	15.8	123.4176456
6	1273	15.9	123.4618248
6	1286	16	123.4618248
6	1299	16.1	123.5280936
6	1312	16.2	123.5280936
6	1325	16.3	123.616452
6	1338	16.4	123.616452
6	1351	16.5	123.7269
6	1364	16.6	123.7269
6	1377	16.7	123.87573675878
6	1390	16.8	123.87573675878
6	1403	16.9	124.05822503805
6	1416	17	124.05822503805
6	1429	17.1	124.26347956571
6	1442	17.2	124.26347956571
6	1455	17.3	124.49626062006
6	1468	17.4	124.49626062006
6	1481	17.5	124.75762878514
6	1494	17.6	124.75762878514
6	1507	17.7	125.03723017958
6	1520	17.8	125.03723017958
6	1533	17.9	125.33676109711
6	1546	18	125.33676109711
6	1559	18.1	125.66010460691
6	1572	18.2	125.66010460691
6	1585	18.3	126.00981818031
6	1598	18.4	126.00981818031
6	1611	18.5	126.38336162987
6	1624	18.6	126.38336162987
6	1637	18.7	126.78164904167
6	1650	18.8	126.78164904167
6	1663	18.9	127.20013630478
6	1676	19	127.20013630478
6	1689	19.1	127.64393990924
6	1702	19.2	127.64393990924
6	1715	19.3	128.11107275559
6	1728	19.4	128.11107275559
6	1741	19.5	128.59737877843
6	1754	19.6	128.59737877843
6	1767	19.7	129.10679192202
6	1780	19.8	129.10679192202
6	1793	19.9	129.6411152989
6	1806	20	129.6411152989
6	1819	20.1	130.18606859211
6	1832	20.2	130.18606859211
6	1845	20.3	130.74720041589
6	1858	20.4	130.74720041589
6	1898	20.5	131.32278158872
6	1912	20.6	131.32278158872
6	1925	20.7	131.91372530619
6	1965	20.8	131.91372530619
6	2005	20.9	132.46869549571
6	2045	21	132.46869549571
6	2058	21.1	132.97502579282
6	2071	21.2	132.97502579282
6	2084	21.3	133.44116718015
6	2124	21.4	133.44116718015
6	2164	21.5	133.85923634778
6	2204	21.6	133.85923634778
6	2217	21.7	134.22853306032
6	2257	21.8	134.22853306032
6	2297	21.9	134.54905731777
6	2337	22	134.54905731777
6	2350	22.1	134.82264860131
6	2363	22.2	134.82264860131
6	2376	22.3	135.05685197901
6	2416	22.4	135.05685197901
6	2456	22.5	135.5896078007
6	2496	22.6	135.5896078007
6	2509	22.7	136.14986616083
6	2549	22.8	136.14986616083
6	2589	22.9	136.89179589945
6	2602	23	136.89179589945
6	2615	23.1	137.47040666381
6	2628	23.2	137.47040666381
6	2641	23.3	137.8324033182
6	2681	23.4	137.8324033182
6	2694	23.5	138.06188732659
6	2734	23.6	138.06188732659
21	151	10.3	0.973
21	218	10.4	0.973
21	328	10.5	0.973
21	475	10.6	0.973
21	596	10.7	1.7867617892096
21	609	10.8	1.1350977892096
21	622	10.9	2.1426726891157
21	635	11	1.1559399592965
21	648	11.1	2.9819555487646
21	661	11.2	1.1808107721387
21	674	11.3	3.2541633768065
21	687	11.4	1.2026852725205
21	700	11.5	3.5650421098311
21	713	11.6	1.2233590553903
21	726	11.7	3.6879343485583
21	739	11.8	1.2421402447504
21	752	11.9	4.5444752634772
21	765	12	1.2641078024688
21	778	12.1	3.5075691702144
21	791	12.2	1.2780121436868
21	804	12.3	4.2077962856225
21	817	12.4	1.2947844792441
21	830	12.5	4.5255445749201
21	843	12.6	1.3120117186921
21	856	12.7	4.817671016367
21	869	12.8	1.3295503931184
21	882	12.9	4.8302788245866
21	895	13	1.3461592974978
21	908	13.1	6.6569227799761
21	921	13.2	1.3696721711293
21	934	13.3	8.0830714302707
21	947	13.4	1.3974404703483
21	960	13.5	7.2451874106419
21	973	13.6	1.4205759215286
21	986	13.7	5.6660762823656
21	999	13.8	1.4369450791444
21	1012	13.9	8.7106253062461
21	1025	14	1.463709462989
21	1038	14.1	7.6793761544304
21	1051	14.2	1.4859625856262
21	1064	14.3	7.249110872187
21	1077	14.4	1.5061362961377
21	1090	14.5	8.3819583824407
21	1103	14.6	1.5295958817346
21	1116	14.7	7.5006936257097
21	1129	14.8	1.5496424195999
21	1142	14.9	11.857932003518
21	1155	15	1.5831543240095
21	1168	15.1	12.80556261527
21	1181	15.2	1.6188192259124
21	1194	15.3	10.234953603722
21	1207	15.4	1.6459522106999
21	1220	15.5	11.040969967395
21	1233	15.6	1.6751558471981
21	1247	15.7	12.047240961063
21	1260	15.8	1.7070167792809
21	1273	15.9	15.167308904205
21	1286	16	1.7477682356188
21	1299	16.1	15.625158024294
21	1312	16.2	1.789452607523
21	1325	16.3	16.106832151216
21	1338	16.4	1.8322196426412
21	1351	16.5	13.133971988496
21	1364	16.6	1.8660243089526
21	1377	16.7	11.124425398378
21	1390	16.8	1.8937511698674
21	1403	16.9	16.964698501384
21	1416	17	1.938531910469
21	1429	17.1	12.418408927552
21	1442	17.2	1.9698493624223
21	1455	17.3	14.884436663034
21	1468	17.4	2.0083753533032
21	1481	17.5	12.705657954313
21	1494	17.6	2.0404120413342
21	1507	17.7	17.898203268972
21	1520	17.8	2.0877747893986
21	1533	17.9	13.763676119712
21	1546	18	2.1228951382494
21	1559	18.1	16.01698886666
21	1572	18.2	2.1647409066627
21	1585	18.3	14.424781371963
21	1598	18.4	2.2018556122555
21	1611	18.5	0.973
21	1624	18.6	2.1101785606966
21	1637	18.7	0.973
21	1650	18.8	2.016254608503
21	1663	18.9	0.973
21	1676	19	1.9388991001472
21	1689	19.1	0.973
21	1702	19.2	1.8577939060658
21	1715	19.3	0.973
21	1728	19.4	1.7804802900965
21	1741	19.5	0.973
21	1754	19.6	1.7081972402647
21	1767	19.7	0.973
21	1780	19.8	1.6405406913495
21	1793	19.9	0.973
21	1806	20	1.5772525211349
21	1819	20.1	0.973
21	1832	20.2	1.5176281901847
21	1845	20.3	0.973
21	1858	20.4	1.4614191239485
21	1898	20.5	0.973
21	1912	20.6	1.408221257205
21	1925	20.7	0.973
21	1965	20.8	1.3689016416687
21	2005	20.9	0.973
21	2045	21	1.3200495500658
21	2058	21.1	0.973
21	2071	21.2	1.2882518962892
21	2084	21.3	0.973
21	2124	21.4	1.2866038166971
21	2164	21.5	0.973
21	2204	21.6	1.2848672290612
21	2217	21.7	1.8333105174994
21	2257	21.8	1.2881182078229
21	2297	21.9	0.973
21	2337	22	1.2846833105262
21	2350	22.1	1.9985899543635
21	2363	22.2	1.2888985251642
21	2376	22.3	0.973
21	2416	22.4	1.2848270818802
21	2456	22.5	4.5252487315674
21	2496	22.6	1.3027518829723
21	2509	22.7	5.8525290624603
21	2549	22.8	1.325763110357
21	2589	22.9	5.7168186422992
21	2602	23	1.3465353317838
21	2615	23.1	5.5769366179643
21	2628	23.2	1.365509968665
21	2641	23.3	4.8935813347419
21	2681	23.4	1.3807594589987
21	2694	23.5	7.9989451336659
21	2734	23.6	1.4075690591913
21	2747	23.7	6.1578512236492
21	2757	23.8	1.4262097277961
21	2767	23.9	6.3562406830412
21	2777	24	1.4449478565567
21	2787	24.1	8.8766107175915
21	2797	24.2	1.4719769918654
21	2807	24.3	7.9742388201872
21	2838	24.4	1.4949944631517
21	2848	24.5	10.122489238966
21	2858	24.6	1.5244850062733
21	2868	24.7	9.4770721778509
21	2878	24.8	1.5510635890686
20	151	10.3	-4.9500000000001
20	218	10.4	0
20	328	10.5	0
20	475	10.6	0
20	596	10.7	5.2
20	609	10.8	0
20	622	10.9	4.3067551569082
20	635	11	0
20	648	11.1	5.1122646301736
20	661	11.2	0
20	674	11.3	4.4613230283778
20	687	11.4	0
20	700	11.5	4.1777053396886
20	713	11.6	0
20	726	11.7	3.7566651666537
20	739	11.8	0
20	752	11.9	4.3409910601564
20	765	12	0
20	778	12.1	2.7152929726988
20	791	12.2	0
20	804	12.3	3.2396110479254
20	817	12.4	0
20	830	12.5	3.2846590423956
20	843	12.6	0
20	856	12.7	3.297476582462
20	869	12.8	0
20	882	12.9	3.0778666269965
20	895	13	0
20	908	13.1	4.2806370911654
20	921	13.2	0
20	934	13.3	4.9371749502141
20	947	13.4	0
20	960	13.5	4.0145076438319
20	973	13.6	0
20	986	13.7	2.7859310164116
20	999	13.8	0
20	1012	13.9	4.4583309119102
20	1025	14	0
20	1038	14.1	3.6163161730394
20	1051	14.2	0
20	1064	14.3	3.2084478728939
20	1077	14.4	0
20	1090	14.5	3.6489610718098
20	1103	14.6	0
20	1116	14.7	3.0496463638265
20	1129	14.8	0
20	1142	14.9	4.961361249676
20	1155	15	0
20	1168	15.1	5.0991408201866
20	1181	15.2	0
20	1194	15.3	3.7597533436492
20	1207	15.4	0
20	1220	15.5	3.9363334430382
20	1233	15.6	0
20	1247	15.7	4.1697554700542
20	1260	15.8	0
20	1273	15.9	5.1534084449056
20	1286	16	0
20	1299	16.1	5.0748703817837
20	1312	16.2	0
20	1325	16.3	5.0136564418673
20	1338	16.4	0
20	1351	16.5	3.8332513467874
20	1364	16.6	0
20	1377	16.7	3.0632578730583
20	1390	16.8	0
20	1403	16.9	4.8020996932872
20	1416	17	0
20	1429	17.1	3.2574514672626
20	1442	17.2	0
20	1455	17.3	3.899973585736
20	1468	17.4	0
20	1481	17.5	3.1575711243786
20	1494	17.6	0
20	1507	17.7	4.5341743696015
20	1520	17.8	0
20	1533	17.9	3.2647216523066
20	1546	18	0
20	1559	18.1	3.7879577966407
20	1572	18.2	0
20	1585	18.3	3.2718632940669
20	1598	18.4	0
20	1611	18.5	-8.2326723171862
20	1624	18.6	0
20	1637	18.7	-9
20	1650	18.8	0
20	1663	18.9	-7.9023784207011
20	1676	19	0
20	1689	19.1	-8.8271363984514
20	1702	19.2	0
20	1715	19.3	-9
20	1728	19.4	0
20	1741	19.5	-9
20	1754	19.6	0
20	1767	19.7	-9
20	1780	19.8	0
20	1793	19.9	-8.9786293232192
20	1806	20	0
20	1819	20.1	-9
20	1832	20.2	0
20	1845	20.3	-9
20	1858	20.4	0
20	1898	20.5	-9
20	1912	20.6	0
20	1925	20.7	-6.9579359304626
20	1965	20.8	0
20	2005	20.9	-9
20	2045	21	0
20	2058	21.1	-6.0588091604166
20	2071	21.2	0
20	2084	21.3	-0.318096346315
20	2124	21.4	0
20	2164	21.5	-0.33559858570807
20	2204	21.6	0
20	2217	21.7	0.62790617165156
20	2257	21.8	0
20	2297	21.9	-0.66347384862602
20	2337	22	0
20	2350	22.1	0.8139623504132
20	2363	22.2	0
20	2376	22.3	-0.78615825567395
20	2416	22.4	0
20	2456	22.5	3.4430983078666
20	2496	22.6	0
20	2509	22.7	4.3495119703468
20	2549	22.8	0
20	2589	22.9	3.8550255034585
20	2602	23	0
20	2615	23.1	3.4603474893607
20	2628	23.2	0
20	2641	23.3	2.7378972288221
20	2681	23.4	0
20	2694	23.5	4.7190299367066
20	2734	23.6	0
20	2747	23.7	3.2098046273924
20	2757	23.8	0
20	2767	23.9	3.167633285746
20	2777	24	0
20	2787	24.1	4.4657707980368
20	2797	24.2	0
20	2807	24.3	3.7078382011037
20	2838	24.4	0
20	2848	24.5	4.6252820568159
20	2858	24.6	0
20	2868	24.7	4.0510244176257
20	2878	24.8	0
16	138	10.2	0.49500000000001
16	151	10.3	0
16	218	10.4	0
16	328	10.5	0
16	475	10.6	0
16	596	10.7	0.52
16	609	10.8	0.52
16	622	10.9	0.95067551569082
16	635	11	0.95067551569082
16	648	11.1	1.4619019787082
16	661	11.2	1.4619019787082
16	674	11.3	1.908034281546
16	687	11.4	1.908034281546
16	700	11.5	2.3258048155148
16	713	11.6	2.3258048155148
16	726	11.7	2.7014713321802
16	739	11.8	2.7014713321802
16	752	11.9	3.1355704381958
16	765	12	3.1355704381958
16	778	12.1	3.4070997354657
16	791	12.2	3.4070997354657
16	804	12.3	3.7310608402583
16	817	12.4	3.7310608402583
16	830	12.5	4.0595267444978
16	843	12.6	4.0595267444978
16	856	12.7	4.389274402744
16	869	12.8	4.389274402744
16	882	12.9	4.6970610654437
16	895	13	4.6970610654437
16	908	13.1	5.1251247745602
16	921	13.2	5.1251247745602
16	934	13.3	5.6188422695816
16	947	13.4	5.6188422695816
16	960	13.5	6.0202930339648
16	973	13.6	6.0202930339648
16	986	13.7	6.298886135606
16	999	13.8	6.298886135606
16	1012	13.9	6.744719226797
16	1025	14	6.744719226797
16	1038	14.1	7.1063508441009
16	1051	14.2	7.1063508441009
16	1064	14.3	7.4271956313903
16	1077	14.4	7.4271956313903
16	1090	14.5	7.7920917385713
16	1103	14.6	7.7920917385713
16	1116	14.7	8.0970563749539
16	1129	14.8	8.0970563749539
16	1142	14.9	8.5931924999215
16	1155	15	8.5931924999215
16	1168	15.1	9.1031065819402
16	1181	15.2	9.1031065819402
16	1194	15.3	9.4790819163051
16	1207	15.4	9.4790819163051
16	1220	15.5	9.8727152606089
16	1233	15.6	9.8727152606089
16	1247	15.7	10.289690807614
16	1260	15.8	10.289690807614
16	1273	15.9	10.805031652105
16	1286	16	10.805031652105
16	1299	16.1	11.312518690283
16	1312	16.2	11.312518690283
16	1325	16.3	11.81388433447
16	1338	16.4	11.81388433447
16	1351	16.5	12.197209469149
16	1364	16.6	12.197209469149
16	1377	16.7	12.503535256455
16	1390	16.8	12.503535256455
16	1403	16.9	12.983745225783
16	1416	17	12.983745225783
16	1429	17.1	13.30949037251
16	1442	17.2	13.30949037251
16	1455	17.3	13.699487731083
16	1468	17.4	13.699487731083
16	1481	17.5	14.015244843521
16	1494	17.6	14.015244843521
16	1507	17.7	14.468662280481
16	1520	17.8	14.468662280481
16	1533	17.9	14.795134445712
16	1546	18	14.795134445712
16	1559	18.1	15.173930225376
16	1572	18.2	15.173930225376
16	1585	18.3	15.501116554783
16	1598	18.4	15.501116554783
16	1611	18.5	14.677849323064
16	1624	18.6	14.677849323064
16	1637	18.7	13.777849323064
16	1650	18.8	13.777849323064
16	1663	18.9	12.987611480994
16	1676	19	12.987611480994
16	1689	19.1	12.104897841149
16	1702	19.2	12.104897841149
16	1715	19.3	11.204897841149
16	1728	19.4	11.204897841149
16	1741	19.5	10.304897841149
16	1754	19.6	10.304897841149
16	1767	19.7	9.4048978411487
16	1780	19.8	9.4048978411487
16	1793	19.9	8.5070349088268
16	1806	20	8.5070349088268
16	1819	20.1	7.6070349088268
16	1832	20.2	7.6070349088268
16	1845	20.3	6.7070349088268
16	1858	20.4	6.7070349088268
16	1898	20.5	5.8070349088268
16	1912	20.6	5.8070349088268
16	1925	20.7	5.1112413157805
16	1965	20.8	5.1112413157805
16	2005	20.9	4.2112413157805
16	2045	21	4.2112413157805
16	2058	21.1	3.6053603997389
16	2071	21.2	3.6053603997389
16	2084	21.3	3.5735507651074
16	2124	21.4	3.5735507651074
16	2164	21.5	3.5399909065366
16	2204	21.6	3.5399909065366
16	2217	21.7	3.6027815237017
16	2257	21.8	3.6027815237017
16	2297	21.9	3.5364341388391
16	2337	22	3.5364341388391
16	2350	22.1	3.6178303738805
16	2363	22.2	3.6178303738805
16	2376	22.3	3.5392145483131
16	2416	22.4	3.5392145483131
16	2456	22.5	3.8835243790997
16	2496	22.6	3.8835243790997
16	2509	22.7	4.3184755761344
16	2549	22.8	4.3184755761344
16	2589	22.9	4.7039781264802
16	2602	23	4.7039781264802
16	2615	23.1	5.0500128754163
16	2628	23.2	5.0500128754163
16	2641	23.3	5.3238025982985
16	2681	23.4	5.3238025982985
16	2694	23.5	5.7957055919692
16	2734	23.6	5.7957055919692
16	2747	23.7	6.1166860547084
16	2757	23.8	6.1166860547084
16	2767	23.9	6.433449383283
16	2777	24	6.433449383283
16	2787	24.1	6.8800264630867
16	2797	24.2	6.8800264630867
16	2807	24.3	7.2508102831971
16	2838	24.4	7.2508102831971
16	2848	24.5	7.7133384888787
16	2858	24.6	7.7133384888787
16	2868	24.7	8.1184409306413
16	2878	24.8	8.1184409306413
3	102	10.1	92.61012
3	138	10.2	92.61012
3	151	10.3	92.61012
3	218	10.4	92.61012
3	328	10.5	92.61012
3	475	10.6	92.61012
3	596	10.7	92.651063772049
3	609	10.8	92.651063772049
3	622	10.9	92.701628874105
3	635	11	92.701628874105
3	648	11.1	92.77938539726
3	661	11.2	92.77938539726
3	674	11.3	92.880871074107
3	687	11.4	92.880871074107
3	700	11.5	93.004577381798
3	713	11.6	93.004577381798
3	726	11.7	93.148264866495
3	739	11.8	93.148264866495
3	752	11.9	93.315041475962
3	765	12	93.315041475962
3	778	12.1	93.496260349273
3	791	12.2	93.496260349273
3	804	12.3	93.694710260994
3	817	12.4	93.694710260994
3	830	12.5	93.910630815111
3	843	12.6	93.910630815111
3	856	12.7	94.144090186329
3	869	12.8	94.144090186329
3	882	12.9	94.393920299986
3	895	13	94.393920299986
3	908	13.1	94.666518524087
3	921	13.2	94.666518524087
3	934	13.3	94.96537689175
3	947	13.4	94.96537689175
3	960	13.5	95.28558786452
3	973	13.6	95.28558786452
3	986	13.7	95.620616815016
3	999	13.8	95.620616815016
3	1012	13.9	95.979359004556
3	1025	14	95.979359004556
3	1038	14.1	96.357335874418
3	1051	14.2	96.357335874418
3	1064	14.3	96.752378030118
3	1077	14.4	96.752378030118
3	1090	14.5	97.166828499795
3	1103	14.6	97.166828499795
3	1116	14.7	97.597499612275
3	1129	14.8	97.597499612275
3	1142	14.9	98.054559511864
3	1155	15	98.054559511864
3	1168	15.1	98.543811155588
3	1181	15.2	98.543811155588
3	1194	15.3	99.340433199834
3	1207	15.4	99.340433199834
3	1220	15.5	100.17013619034
3	1233	15.6	100.17013619034
3	1247	15.7	101.03488180581
3	1260	15.8	101.03488180581
3	1273	15.9	101.94293666585
3	1286	16	101.94293666585
3	1299	16.1	102.89364073658
3	1312	16.2	102.89364073658
3	1325	16.3	103.88647957605
3	1338	16.4	103.88647957605
3	1351	16.5	104.91153305984
3	1364	16.6	104.91153305984
3	1377	16.7	105.96233016279
3	1390	16.8	105.96233016279
3	1403	16.9	107.05348411157
3	1416	17	107.05348411157
3	1429	17.1	108.17201368247
3	1442	17.2	108.17201368247
3	1455	17.3	109.32331863139
3	1468	17.4	109.32331863139
3	1481	17.5	110.50115980804
3	1494	17.6	110.50115980804
3	1507	17.7	111.71710618609
3	1520	17.8	111.71710618609
3	1533	17.9	112.96048928491
3	1546	18	112.96048928491
3	1559	18.1	114.23570638105
3	1572	18.2	114.23570638105
3	1585	18.3	115.53842021631
3	1598	18.4	115.53842021631
3	1611	18.5	116.77194667342
3	1624	18.6	116.77194667342
3	1637	18.7	117.92983713053
3	1650	18.8	117.92983713053
3	1663	18.9	119.0213159994
3	1676	19	119.0213159994
3	1689	19.1	119.85108538183
3	1702	19.2	119.85108538183
3	1715	19.3	120.43858982928
3	1728	19.4	120.43858982928
3	1741	19.5	120.97890473424
3	1754	19.6	120.97890473424
3	1767	19.7	121.47203009671
3	1780	19.8	121.47203009671
3	1793	19.9	121.9180779692
3	1806	20	121.9180779692
3	1819	20.1	122.31693629921
3	1832	20.2	122.31693629921
3	1845	20.3	122.66860508673
3	1858	20.4	122.66860508673
3	1898	20.5	122.97308433177
3	1912	20.6	122.97308433177
3	1925	20.7	123.23395991892
3	1965	20.8	123.23395991892
3	2005	20.9	123.43750324918
3	2045	21	123.43750324918
3	2058	21.1	123.96388484747
3	2071	21.2	123.96388484747
3	2084	21.3	124.49069556896
3	2124	21.4	124.49069556896
3	2164	21.5	125.17711542938
3	2204	21.6	125.17711542938
3	2217	21.7	125.76429402438
3	2257	21.8	125.76429402438
3	2297	21.9	126.16205211272
3	2337	22	126.16205211272
3	2350	22.1	126.4087088607
3	2363	22.2	126.4087088607
3	2376	22.3	126.46201388911
3	2416	22.4	126.46201388911
3	2456	22.5	126.27431021079
3	2496	22.6	126.27431021079
3	2509	22.7	126.05033554413
3	2549	22.8	126.05033554413
3	2589	22.9	125.80417754898
3	2602	23	125.80417754898
3	2615	23.1	125.53991164224
3	2628	23.2	125.53991164224
3	2641	23.3	125.26131838799
3	2681	23.4	125.26131838799
3	2694	23.5	124.95803056848
3	2734	23.6	124.95803056848
3	2747	23.7	124.63794592189
3	2757	23.8	124.63794592189
3	2767	23.9	124.30128512979
3	2777	24	124.30128512979
3	2787	24.1	123.94125507115
3	2797	24.2	123.94125507115
3	2807	24.3	123.56182198823
3	2838	24.4	123.56182198823
3	2848	24.5	123.15818492035
3	2858	24.6	123.15818492035
3	2868	24.7	122.73334894334
3	2878	24.8	122.73334894334
2	102	10.1	138.62388
2	138	10.2	138.62388
2	151	10.3	138.62388
2	218	10.4	138.62388
2	328	10.5	138.62388
2	475	10.6	138.62388
2	596	10.7	138.46614473089
2	609	10.8	138.46614473089
2	622	10.9	138.28288923347
2	635	11	138.28288923347
2	648	11.1	138.00108795653
2	661	11.2	138.00108795653
2	674	11.3	137.6332886753
2	687	11.4	137.6332886753
2	700	11.5	137.18495850236
2	713	11.6	137.18495850236
2	726	11.7	136.66421355357
2	739	11.8	136.66421355357
2	752	11.9	136.0597901611
2	765	12	136.0597901611
2	778	12.1	135.40302584303
2	791	12.2	135.40302584303
2	804	12.3	134.68381366296
2	817	12.4	134.68381366296
2	830	12.5	133.9012852602
2	843	12.6	133.9012852602
2	856	12.7	133.05519355941
2	869	12.8	133.05519355941
2	882	12.9	132.14977183798
2	895	13	132.14977183798
2	908	13.1	131.16183507682
2	921	13.2	131.16183507682
2	934	13.3	130.07872762531
2	947	13.4	130.07872762531
2	960	13.5	128.91823513726
2	973	13.6	128.91823513726
2	986	13.7	127.70404008027
2	999	13.8	127.70404008027
2	1012	13.9	126.40390469607
2	1025	14	126.40390469607
2	1038	14.1	125.03405995173
2	1051	14.2	125.03405995173
2	1064	14.3	123.60236805752
2	1077	14.4	123.60236805752
2	1090	14.5	122.1003375288
2	1103	14.6	122.1003375288
2	1116	14.7	120.53952096299
2	1129	14.8	120.53952096299
2	1142	14.9	118.88306748336
2	1155	15	118.88306748336
2	1168	15.1	117.11313673099
2	1181	15.2	117.11313673099
2	1194	15.3	114.41008173174
2	1207	15.4	114.41008173174
2	1220	15.5	111.59477824802
2	1233	15.6	111.59477824802
2	1247	15.7	108.66057001732
2	1260	15.8	108.66057001732
2	1273	15.9	105.57940719141
2	1286	16	105.57940719141
2	1299	16.1	102.35352936169
2	1312	16.2	102.35352936169
2	1325	16.3	98.984682104872
2	1338	16.4	98.984682104872
2	1351	16.5	95.506525852649
2	1364	16.6	95.506525852649
2	1377	16.7	91.941017738919
2	1390	16.8	91.941017738919
2	1403	16.9	88.238572950334
2	1416	17	88.238572950334
2	1429	17.1	84.443238675709
2	1442	17.2	84.443238675709
2	1455	17.3	80.536692754314
2	1468	17.4	80.536692754314
2	1481	17.5	76.540105534735
2	1494	17.6	76.540105534735
2	1507	17.7	72.414221798833
2	1520	17.8	72.414221798833
2	1533	17.9	68.195241260294
2	1546	18	68.195241260294
2	1559	18.1	63.868243317226
2	1572	18.2	63.868243317226
2	1585	18.3	59.447944920464
2	1598	18.4	59.447944920464
2	1611	18.5	55.262409407499
2	1624	18.6	55.262409407499
2	1637	18.7	51.333517894534
2	1650	18.8	51.333517894534
2	1663	18.9	47.629970604614
2	1676	19	47.629970604614
2	1689	19.1	44.724757694034
2	1702	19.2	44.724757694034
2	1715	19.3	42.561895060645
2	1728	19.4	42.561895060645
2	1741	19.5	40.572757917451
2	1754	19.6	40.572757917451
2	1767	19.7	38.757346264454
2	1780	19.8	38.757346264454
2	1793	19.9	37.115247587064
2	1806	20	37.115247587064
2	1819	20.1	35.64687439987
2	1832	20.2	35.64687439987
2	1845	20.3	34.352226702872
2	1858	20.4	34.352226702872
2	1898	20.5	33.23130449607
2	1912	20.6	33.23130449607
2	1925	20.7	32.241265154718
2	1965	20.8	32.241265154718
2	2005	20.9	31.420073098141
2	2045	21	31.420073098141
2	2058	21.1	30.930595941466
2	2071	21.2	30.930595941466
2	2084	21.3	30.448514432183
2	2124	21.4	30.448514432183
2	2164	21.5	30.284341280602
2	2204	21.6	30.284341280602
2	2217	21.7	30.582108050564
2	2257	21.8	30.582108050564
2	2297	21.9	31.138715004423
2	2337	22	31.138715004423
2	2350	22.1	31.818279514171
2	2363	22.2	31.818279514171
2	2376	22.3	32.494633619802
2	2416	22.4	32.494633619802
2	2456	22.5	33.251920873726
2	2496	22.6	33.251920873726
2	2509	22.7	34.086296870143
2	2549	22.8	34.086296870143
2	2589	22.9	34.994046627597
2	2602	23	34.994046627597
2	2615	23.1	35.968572409721
2	2628	23.2	35.968572409721
2	2641	23.3	36.995932739084
2	2681	23.4	36.995932739084
2	2694	23.5	38.114358506366
2	2734	23.6	38.114358506366
2	2747	23.7	39.294725449683
2	2757	23.8	39.294725449683
2	2767	23.9	40.536219767948
2	2777	24	40.536219767948
2	2787	24.1	41.863892258173
2	2797	24.2	41.863892258173
2	2807	24.3	43.263116722858
2	2838	24.4	43.263116722858
2	2848	24.5	44.75159752659
2	2858	24.6	44.75159752659
2	2868	24.7	46.318252937722
2	2878	24.8	46.318252937722
25	151	10.3	0.973
25	218	10.4	0.973
25	328	10.5	0.973
25	475	10.6	0.973
25	596	10.7	0.973
25	609	10.8	0.973
25	622	10.9	0.973
25	635	11	0.973
25	648	11.1	0.973
25	661	11.2	0.973
25	674	11.3	0.973
25	687	11.4	0.973
25	700	11.5	0.973
25	713	11.6	0.973
25	726	11.7	0.973
25	739	11.8	0.973
25	752	11.9	0.973
25	765	12	0.973
25	778	12.1	0.973
25	791	12.2	0.973
25	804	12.3	0.973
25	817	12.4	0.973
25	830	12.5	0.973
25	843	12.6	0.973
25	856	12.7	0.973
25	869	12.8	0.973
25	882	12.9	0.973
25	895	13	0.973
25	908	13.1	0.973
25	921	13.2	0.973
25	934	13.3	0.973
25	947	13.4	0.973
25	960	13.5	0.973
25	973	13.6	0.973
25	986	13.7	0.973
25	999	13.8	0.973
25	1012	13.9	0.973
25	1025	14	0.973
25	1038	14.1	0.973
25	1051	14.2	0.973
25	1064	14.3	0.973
25	1077	14.4	0.973
25	1090	14.5	0.973
25	1103	14.6	0.973
25	1116	14.7	0.973
25	1129	14.8	0.973
25	1142	14.9	0.973
25	1155	15	0.973
25	1168	15.1	0.973
25	1181	15.2	0.973
25	1194	15.3	0.973
25	1207	15.4	0.973
25	1220	15.5	0.973
25	1233	15.6	0.973
25	1247	15.7	0.973
25	1260	15.8	0.973
25	1273	15.9	0.973
25	1286	16	0.973
25	1299	16.1	0.973
25	1312	16.2	0.973
25	1325	16.3	0.973
25	1338	16.4	0.973
25	1351	16.5	0.973
25	1364	16.6	0.973
25	1377	16.7	0.973
25	1390	16.8	0.973
25	1403	16.9	0.973
25	1416	17	0.973
25	1429	17.1	0.973
25	1442	17.2	0.973
25	1455	17.3	0.973
25	1468	17.4	0.973
25	1481	17.5	0.973
25	1494	17.6	0.973
25	1507	17.7	0.973
25	1520	17.8	0.973
25	1533	17.9	0.973
25	1546	18	0.973
25	1559	18.1	0.973
25	1572	18.2	0.973
25	1585	18.3	0.973
25	1598	18.4	0.973
25	1611	18.5	0.973
25	1624	18.6	0.973
25	1637	18.7	0.973
25	1650	18.8	0.973
25	1663	18.9	0.973
25	1676	19	0.973
25	1689	19.1	0.973
25	1702	19.2	0.973
25	1715	19.3	0.973
25	1728	19.4	0.973
25	1741	19.5	0.973
25	1754	19.6	0.973
25	1767	19.7	0.973
25	1780	19.8	0.973
25	1793	19.9	0.973
25	1806	20	0.973
25	1819	20.1	0.973
25	1832	20.2	0.973
25	1845	20.3	0.973
25	1858	20.4	0.973
25	1898	20.5	0.973
25	1912	20.6	0.973
25	1925	20.7	1.7867617892096
25	1965	20.8	1.1350977892096
25	2005	20.9	2.1889144953348
25	2045	21	1.1565975259796
25	2058	21.1	2.9788877574692
25	2071	21.2	1.181266197041
25	2084	21.3	3.0058685077596
25	2124	21.4	1.2008833765202
25	2164	21.5	3.0830415797506
25	2204	21.6	1.2181037771598
25	2217	21.7	2.8681097551395
25	2257	21.8	1.2316655793517
25	2297	21.9	3.3074640947659
25	2337	22	1.2469991232234
25	2350	22.1	5.0886684373834
25	2363	22.2	1.2715267620093
25	2376	22.3	3.8346274528246
25	2416	22.4	1.2867505516825
25	2456	22.5	4.207300291093
25	2496	22.6	1.3029063586767
25	2509	22.7	6.571124716716
25	2549	22.8	1.3292009356599
25	2589	22.9	6.2836777563508
25	2602	23	1.3522226870728
25	2615	23.1	4.806589688197
25	2628	23.2	1.3676533274404
25	2641	23.3	7.7122064914429
25	2681	23.4	1.3941051385164
25	2694	23.5	7.0554185559822
25	2734	23.6	1.4166752914343
25	2747	23.7	8.43091711573
25	2757	23.8	1.4433019282246
25	2767	23.9	8.2559014862425
25	2777	24	1.4682334164685
25	2787	24.1	7.6507821391943
25	2797	24.2	1.4902543514368
25	2807	24.3	7.1135510197646
25	2838	24.4	1.5098647282444
25	2848	24.5	11.402100498001
25	2858	24.6	1.5430404020825
25	2868	24.7	7.2146743945333
25	2878	24.8	1.5619054745391
25	2888	24.9	7.2234434518088
25	2895	25	1.5804849397916
25	2902	25.1	8.5543438596313
25	2909	25.2	1.6029968207335
25	2916	25.3	10.847666746407
25	2923	25.4	1.6322670012669
25	2931	25.5	7.6530408544768
25	2938	25.6	1.6512585330718
25	2945	25.7	9.6015764782004
25	2952	25.8	1.6760172777287
25	2959	25.9	8.4938782093054
25	2966	26	1.6971328844644
25	2973	26.1	15.123365234873
25	2980	26.2	1.7378707003387
25	2987	26.3	14.877000588277
25	2994	26.4	1.7774497595327
25	3001	26.5	14.164574632032
25	3008	26.6	1.8146115657252
25	3015	26.7	9.2819813806127
25	3022	26.8	1.8371069542311
25	3029	26.9	16.223421449335
25	3036	27	1.8799400326805
25	3043	27.1	16.081151462278
25	3050	27.2	1.922183916746
25	3057	27.3	17.875288660024
25	3064	27.4	1.9695530762905
25	3071	27.5	15.798637437715
25	3078	27.6	2.0107682450147
25	3085	27.7	0.973
25	3092	27.8	1.983516878345
25	3099	27.9	0.973
25	3106	28	1.8979369479408
25	3113	28.1	0.973
25	3120	28.2	1.8179911094963
25	3127	28.3	0.973
25	3134	28.4	1.7432752977903
25	3141	28.5	0.973
25	3148	28.6	1.6733854476017
25	3155	28.7	0.973
25	3162	28.8	1.6079174937094
25	3169	28.9	0.973
25	3176	29	1.5464673708922
25	3183	29.1	0.973
25	3190	29.2	1.488631013929
25	3197	29.3	0.973
25	3204	29.4	1.4340043575988
25	3211	29.5	9.9483209296326
25	3218	29.6	1.4651982866807
25	3225	29.7	0.973
25	3232	29.8	1.4121133329478
25	3239	29.9	0.973
25	3246	30	1.3613411894111
25	3253	30.1	0.973
25	3260	30.2	1.312802401899
25	3267	30.3	0.973
25	3274	30.4	1.3005954234592
25	3281	30.5	0.973
25	3288	30.6	1.2998525224612
25	3295	30.7	2.846371140669
25	3302	30.8	1.3082498073703
25	3309	30.9	1.6186867248575
25	3316	31	1.3099287776029
25	3323	31.1	0.973
25	3330	31.2	1.3015704196728
24	151	10.3	-4.9500000000001
24	218	10.4	0
24	328	10.5	0
24	475	10.6	0
24	596	10.7	0
24	609	10.8	0
24	622	10.9	0
24	635	11	0
24	648	11.1	0
24	661	11.2	0
24	674	11.3	0
24	687	11.4	0
24	700	11.5	0
24	713	11.6	0
24	726	11.7	0
24	739	11.8	0
24	752	11.9	0
24	765	12	0
24	778	12.1	0
24	791	12.2	0
24	804	12.3	0
24	817	12.4	0
24	830	12.5	0
24	843	12.6	0
24	856	12.7	0
24	869	12.8	0
24	882	12.9	0
24	895	13	0
24	908	13.1	0
24	921	13.2	0
24	934	13.3	0
24	947	13.4	0
24	960	13.5	0
24	973	13.6	0
24	986	13.7	0
24	999	13.8	0
24	1012	13.9	0
24	1025	14	0
24	1038	14.1	0
24	1051	14.2	0
24	1064	14.3	0
24	1077	14.4	0
24	1090	14.5	0
24	1103	14.6	0
24	1116	14.7	0
24	1129	14.8	0
24	1142	14.9	0
24	1155	15	0
24	1168	15.1	0
24	1181	15.2	0
24	1194	15.3	0
24	1207	15.4	0
24	1220	15.5	0
24	1233	15.6	0
24	1247	15.7	0
24	1260	15.8	0
24	1273	15.9	0
24	1286	16	0
24	1299	16.1	0
24	1312	16.2	0
24	1325	16.3	0
24	1338	16.4	0
24	1351	16.5	0
24	1364	16.6	0
24	1377	16.7	0
24	1390	16.8	0
24	1403	16.9	0
24	1416	17	0
24	1429	17.1	0
24	1442	17.2	0
24	1455	17.3	0
24	1468	17.4	0
24	1481	17.5	0
24	1494	17.6	0
24	1507	17.7	0
24	1520	17.8	0
24	1533	17.9	0
24	1546	18	0
24	1559	18.1	0
24	1572	18.2	0
24	1585	18.3	0
24	1598	18.4	0
24	1611	18.5	0
24	1624	18.6	0
24	1637	18.7	0
24	1650	18.8	0
24	1663	18.9	0
24	1676	19	0
24	1689	19.1	0
24	1702	19.2	0
24	1715	19.3	0
24	1728	19.4	0
24	1741	19.5	0
24	1754	19.6	0
24	1767	19.7	0
24	1780	19.8	0
24	1793	19.9	0
24	1806	20	0
24	1819	20.1	0
24	1832	20.2	0
24	1845	20.3	0
24	1858	20.4	0
24	1898	20.5	0
24	1912	20.6	0
24	1925	20.7	5.2
24	1965	20.8	0
24	2005	20.9	4.4423525202088
24	2045	21	0
24	2058	21.1	5.0699231111902
24	2071	21.2	0
24	2084	21.3	4.0020491946781
24	2124	21.4	0
24	2164	21.5	3.4857266597053
24	2204	21.6	0
24	2217	21.7	2.7243302801158
24	2257	21.8	0
24	2297	21.9	3.0556270516478
24	2337	22	0
24	2350	22.1	4.8277490369044
24	2363	22.2	0
24	2376	22.3	2.956086906977
24	2416	22.4	0
24	2456	22.5	3.1008662586566
24	2496	22.6	0
24	2509	22.7	4.9628008022439
24	2549	22.8	0
24	2589	22.9	4.2556420529727
24	2602	23	0
24	2615	23.1	2.8041280531324
24	2628	23.2	0
24	2641	23.3	4.7149522950873
24	2681	23.4	0
24	2694	23.5	3.9301744192839
24	2734	23.6	0
24	2747	23.7	4.526206772076
24	2757	23.8	0
24	2767	23.9	4.1303732952569
24	2777	24	0
24	2787	24.1	3.5626179211773
24	2797	24.2	0
24	2807	24.3	3.1061331027187
24	2838	24.4	0
24	2848	24.5	5.1153416083194
24	2858	24.6	0
24	2868	24.7	2.8325924566481
24	2878	24.8	0
24	2888	24.9	2.7371966236737
24	2895	25	0
24	2902	25.1	3.2484877189156
24	2909	25.2	0
24	2916	25.3	4.1157428040635
24	2923	25.4	0
24	2931	25.5	2.6073194988538
24	2938	25.6	0
24	2945	25.7	3.3271563278511
24	2952	25.8	0
24	2959	25.9	2.7753508608788
24	2966	26	0
24	2973	26.1	5.1997026091907
24	2980	26.2	0
24	2987	26.3	4.8668764357921
24	2994	26.4	0
24	3001	26.5	4.4139353238512
24	3008	26.6	0
24	3015	26.7	2.6024946599733
24	3022	26.8	0
24	3029	26.9	4.8184346793685
24	3036	27	0
24	3043	27.1	4.5861686617136
24	3050	27.2	0
24	3057	27.3	4.9599196515977
24	3064	27.4	0
24	3071	27.5	4.1688901120331
24	3078	27.6	0
24	3085	27.7	-2.7416593506076
24	3092	27.8	0
24	3099	27.9	-9
24	3106	28	0
24	3113	28.1	-9
24	3120	28.2	0
24	3127	28.3	-9
24	3134	28.4	0
24	3141	28.5	-9
24	3148	28.6	0
24	3155	28.7	-9
24	3162	28.8	0
24	3169	28.9	-9
24	3176	29	0
24	3183	29.1	-9
24	3190	29.2	0
24	3197	29.3	-9
24	3204	29.4	0
24	3211	29.5	5.2
24	3218	29.6	0
24	3225	29.7	-8.9467404161495
24	3232	29.8	0
24	3239	29.9	-9
24	3246	30	0
24	3253	30.1	-9
24	3260	30.2	0
24	3267	30.3	-2.3214363814332
24	3274	30.4	0
24	3281	30.5	-0.14200141667389
24	3288	30.6	0
24	3295	30.7	1.6002903065644
24	3302	30.8	0
24	3309	30.9	0.31869094087743
24	3316	31	0
24	3323	31.1	-1.5907391740941
24	3330	31.2	0
18	138	10.2	0.49500000000001
18	151	10.3	0
18	218	10.4	0
18	328	10.5	0
18	475	10.6	0
18	596	10.7	0
18	609	10.8	0
18	622	10.9	0
18	635	11	0
18	648	11.1	0
18	661	11.2	0
18	674	11.3	0
18	687	11.4	0
18	700	11.5	0
18	713	11.6	0
18	726	11.7	0
18	739	11.8	0
18	752	11.9	0
18	765	12	0
18	778	12.1	0
18	791	12.2	0
18	804	12.3	0
18	817	12.4	0
18	830	12.5	0
18	843	12.6	0
18	856	12.7	0
18	869	12.8	0
18	882	12.9	0
18	895	13	0
18	908	13.1	0
18	921	13.2	0
18	934	13.3	0
18	947	13.4	0
18	960	13.5	0
18	973	13.6	0
18	986	13.7	0
18	999	13.8	0
18	1012	13.9	0
18	1025	14	0
18	1038	14.1	0
18	1051	14.2	0
18	1064	14.3	0
18	1077	14.4	0
18	1090	14.5	0
18	1103	14.6	0
18	1116	14.7	0
18	1129	14.8	0
18	1142	14.9	0
18	1155	15	0
18	1168	15.1	0
18	1181	15.2	0
18	1194	15.3	0
18	1207	15.4	0
18	1220	15.5	0
18	1233	15.6	0
18	1247	15.7	0
18	1260	15.8	0
18	1273	15.9	0
18	1286	16	0
18	1299	16.1	0
18	1312	16.2	0
18	1325	16.3	0
18	1338	16.4	0
18	1351	16.5	0
18	1364	16.6	0
18	1377	16.7	0
18	1390	16.8	0
18	1403	16.9	0
18	1416	17	0
18	1429	17.1	0
18	1442	17.2	0
18	1455	17.3	0
18	1468	17.4	0
18	1481	17.5	0
18	1494	17.6	0
18	1507	17.7	0
18	1520	17.8	0
18	1533	17.9	0
18	1546	18	0
18	1559	18.1	0
18	1572	18.2	0
18	1585	18.3	0
18	1598	18.4	0
18	1611	18.5	0
18	1624	18.6	0
18	1637	18.7	0
18	1650	18.8	0
18	1663	18.9	0
18	1676	19	0
18	1689	19.1	0
18	1702	19.2	0
18	1715	19.3	0
18	1728	19.4	0
18	1741	19.5	0
18	1754	19.6	0
18	1767	19.7	0
18	1780	19.8	0
18	1793	19.9	0
18	1806	20	0
18	1819	20.1	0
18	1832	20.2	0
18	1845	20.3	0
18	1858	20.4	0
18	1898	20.5	0
18	1912	20.6	0
18	1925	20.7	0.52
18	1965	20.8	0.52
18	2005	20.9	0.96423525202088
18	2045	21	0.96423525202088
18	2058	21.1	1.4712275631399
18	2071	21.2	1.4712275631399
18	2084	21.3	1.8714324826077
18	2124	21.4	1.8714324826077
18	2164	21.5	2.2200051485782
18	2204	21.6	2.2200051485782
18	2217	21.7	2.4924381765898
18	2257	21.8	2.4924381765898
18	2297	21.9	2.7980008817546
18	2337	22	2.7980008817546
18	2350	22.1	3.280775785445
18	2363	22.2	3.280775785445
18	2376	22.3	3.5763844761427
18	2416	22.4	3.5763844761427
18	2456	22.5	3.8864711020084
18	2496	22.6	3.8864711020084
18	2509	22.7	4.3827511822328
18	2549	22.8	4.3827511822328
18	2589	22.9	4.8083153875301
18	2602	23	4.8083153875301
18	2615	23.1	5.0887281928433
18	2628	23.2	5.0887281928433
18	2641	23.3	5.560223422352
18	2681	23.4	5.560223422352
18	2694	23.5	5.9532408642804
18	2734	23.6	5.9532408642804
18	2747	23.7	6.405861541488
18	2757	23.8	6.405861541488
18	2767	23.9	6.8188988710137
18	2777	24	6.8188988710137
18	2787	24.1	7.1751606631314
18	2797	24.2	7.1751606631314
18	2807	24.3	7.4857739734033
18	2838	24.4	7.4857739734033
18	2848	24.5	7.9973081342352
18	2858	24.6	7.9973081342352
18	2868	24.7	8.2805673799001
18	2878	24.8	8.2805673799001
18	2888	24.9	8.5542870422674
18	2895	25	8.5542870422674
18	2902	25.1	8.879135814159
18	2909	25.2	8.879135814159
18	2916	25.3	9.2907100945653
18	2923	25.4	9.2907100945653
18	2931	25.5	9.5514420444507
18	2938	25.6	9.5514420444507
18	2945	25.7	9.8841576772358
18	2952	25.8	9.8841576772358
18	2959	25.9	10.161692763324
18	2966	26	10.161692763324
18	2973	26.1	10.681663024243
18	2980	26.2	10.681663024243
18	2987	26.3	11.168350667822
18	2994	26.4	11.168350667822
18	3001	26.5	11.609744200207
18	3008	26.6	11.609744200207
18	3015	26.7	11.869993666204
18	3022	26.8	11.869993666204
18	3029	26.9	12.351837134141
18	3036	27	12.351837134141
18	3043	27.1	12.810454000313
18	3050	27.2	12.810454000313
18	3057	27.3	13.306445965472
18	3064	27.4	13.306445965472
18	3071	27.5	13.723334976676
18	3078	27.6	13.723334976676
18	3085	27.7	13.449169041615
18	3092	27.8	13.449169041615
18	3099	27.9	12.549169041615
18	3106	28	12.549169041615
18	3113	28.1	11.649169041615
18	3120	28.2	11.649169041615
18	3127	28.3	10.749169041615
18	3134	28.4	10.749169041615
18	3141	28.5	9.849169041615
18	3148	28.6	9.849169041615
18	3155	28.7	8.949169041615
18	3162	28.8	8.949169041615
18	3169	28.9	8.049169041615
18	3176	29	8.049169041615
18	3183	29.1	7.149169041615
18	3190	29.2	7.149169041615
18	3197	29.3	6.249169041615
18	3204	29.4	6.249169041615
18	3211	29.5	6.769169041615
18	3218	29.6	6.769169041615
18	3225	29.7	5.874495
18	3232	29.8	5.874495
18	3239	29.9	4.974495
18	3246	30	4.974495
18	3253	30.1	4.074495
18	3260	30.2	4.074495
18	3267	30.3	3.8423513618567
18	3274	30.4	3.8423513618567
18	3281	30.5	3.8281512201893
18	3288	30.6	3.8281512201893
18	3295	30.7	3.9881802508457
18	3302	30.8	3.9881802508457
18	3309	30.9	4.0200493449335
18	3316	31	4.0200493449335
18	3323	31.1	3.8609754275241
18	3330	31.2	3.8609754275241
11	102	10.1	106.7386
11	138	10.2	106.7386
11	151	10.3	106.7386
11	218	10.4	106.7386
11	328	10.5	106.7386
11	475	10.6	106.7386
11	596	10.7	106.7386
11	609	10.8	106.7386
11	622	10.9	106.7386
11	635	11	106.7386
11	648	11.1	106.7386
11	661	11.2	106.7386
11	674	11.3	106.7386
11	687	11.4	106.7386
11	700	11.5	106.7386
11	713	11.6	106.7386
11	726	11.7	106.7386
11	739	11.8	106.7386
11	752	11.9	106.7386
11	765	12	106.7386
11	778	12.1	106.7386
11	791	12.2	106.7386
11	804	12.3	106.7386
11	817	12.4	106.7386
11	830	12.5	106.7386
11	843	12.6	106.7386
11	856	12.7	106.7386
11	869	12.8	106.7386
11	882	12.9	106.7386
11	895	13	106.7386
11	908	13.1	106.7386
11	921	13.2	106.7386
11	934	13.3	106.7386
11	947	13.4	106.7386
11	960	13.5	106.7386
11	973	13.6	106.7386
11	986	13.7	106.7386
11	999	13.8	106.7386
11	1012	13.9	106.7386
11	1025	14	106.7386
11	1038	14.1	106.7386
11	1051	14.2	106.7386
11	1064	14.3	106.7386
11	1077	14.4	106.7386
11	1090	14.5	106.7386
11	1103	14.6	106.7386
11	1116	14.7	106.7386
11	1129	14.8	106.7386
11	1142	14.9	106.7386
11	1155	15	106.7386
11	1168	15.1	106.7386
11	1181	15.2	106.7386
11	1194	15.3	106.7386
11	1207	15.4	106.7386
11	1220	15.5	106.7386
11	1233	15.6	106.7386
11	1247	15.7	106.7386
11	1260	15.8	106.7386
11	1273	15.9	106.7386
11	1286	16	106.7386
11	1299	16.1	106.7386
11	1312	16.2	106.7386
11	1325	16.3	106.7386
11	1338	16.4	106.7386
11	1351	16.5	106.7386
11	1364	16.6	106.7386
11	1377	16.7	106.7386
11	1390	16.8	106.7386
11	1403	16.9	106.7386
11	1416	17	106.7386
11	1429	17.1	106.7386
11	1442	17.2	106.7386
11	1455	17.3	106.7386
11	1468	17.4	106.7386
11	1481	17.5	106.7386
11	1494	17.6	106.7386
11	1507	17.7	106.7386
11	1520	17.8	106.7386
11	1533	17.9	106.7386
11	1546	18	106.7386
11	1559	18.1	106.7386
11	1572	18.2	106.7386
11	1585	18.3	106.7386
11	1598	18.4	106.7386
11	1611	18.5	106.7386
11	1624	18.6	106.7386
11	1637	18.7	106.7386
11	1650	18.8	106.7386
11	1663	18.9	106.7386
11	1676	19	106.7386
11	1689	19.1	106.7386
11	1702	19.2	106.7386
11	1715	19.3	106.7386
11	1728	19.4	106.7386
11	1741	19.5	106.7386
11	1754	19.6	106.7386
11	1767	19.7	106.7386
11	1780	19.8	106.7386
11	1793	19.9	106.7386
11	1806	20	106.7386
11	1819	20.1	106.7386
11	1832	20.2	106.7386
11	1845	20.3	106.7386
11	1858	20.4	106.7386
11	1898	20.5	106.7386
11	1912	20.6	106.7386
11	1925	20.7	106.69615832141
11	1965	20.8	106.69615832141
11	2005	20.9	106.51094422532
11	2045	21	106.51094422532
11	2058	21.1	106.22834505391
11	2071	21.2	106.22834505391
11	2084	21.3	105.868872949
11	2124	21.4	105.868872949
11	2164	21.5	105.44244563672
11	2204	21.6	105.44244563672
11	2217	21.7	104.96368831792
11	2257	21.8	104.96368831792
11	2297	21.9	104.42623731402
11	2337	22	104.42623731402
11	2350	22.1	103.7960530096
11	2363	22.2	103.7960530096
11	2376	22.3	103.1090870263
11	2416	22.4	103.1090870263
11	2456	22.5	102.36255838543
11	2496	22.6	102.36255838543
11	2509	22.7	101.52070231667
11	2549	22.8	101.52070231667
11	2589	22.9	100.59710220313
11	2602	23	100.59710220313
11	2615	23.1	99.619639296078
11	2628	23.2	99.619639296078
11	2641	23.3	98.551609732643
11	2681	23.4	98.551609732643
11	2694	23.5	97.408087834631
11	2734	23.6	97.408087834631
11	2747	23.7	96.177624778402
11	2757	23.8	96.177624778402
11	2767	23.9	94.86782388892
11	2777	24	94.86782388892
11	2787	24.1	93.489590834504
11	2797	24.2	93.489590834504
11	2807	24.3	92.051693954921
11	2838	24.4	92.051693954921
11	2848	24.5	90.51553958369
11	2858	24.6	90.51553958369
11	2868	24.7	88.924975663507
11	2878	24.8	88.924975663507
11	2888	24.9	87.281834595017
11	2895	25	87.281834595017
11	2902	25.1	85.779115865555
11	2909	25.2	85.779115865555
11	2916	25.3	84.362468390336
11	2923	25.4	84.362468390336
11	2931	25.5	82.906064507398
11	2938	25.6	82.906064507398
11	2945	25.7	81.398928144773
11	2952	25.8	81.398928144773
11	2959	25.9	79.849473232222
11	2966	26	79.849473232222
11	2973	26.1	78.220733254285
11	2980	26.2	78.220733254285
11	2987	26.3	76.517783144456
11	2994	26.4	76.517783144456
11	3001	26.5	74.747529348808
11	3008	26.6	74.747529348808
11	3015	26.7	72.937592714585
11	3022	26.8	72.937592714585
11	3029	26.9	71.054184588371
11	3036	27	71.054184588371
11	3043	27.1	69.100846562404
11	3050	27.2	69.100846562404
11	3057	27.3	67.071879681588
11	3064	27.4	67.071879681588
11	3071	27.5	64.979345564345
11	3078	27.6	64.979345564345
11	3085	27.7	62.928616268879
11	3092	27.8	62.928616268879
11	3099	27.9	61.015118973414
11	3106	28	61.015118973414
11	3113	28.1	59.238853677949
11	3120	28.2	59.238853677949
11	3127	28.3	57.599820382483
11	3134	28.4	57.599820382483
11	3141	28.5	56.098019087018
11	3148	28.6	56.098019087018
11	3155	28.7	54.733449791552
11	3162	28.8	54.733449791552
11	3169	28.9	53.506112496087
11	3176	29	53.506112496087
11	3183	29.1	52.416007200621
11	3190	29.2	52.416007200621
11	3197	29.3	51.463133905156
11	3204	29.4	51.463133905156
11	3211	29.5	50.43097100969
11	3218	29.6	50.43097100969
11	3225	29.7	49.53522801209
11	3232	29.8	49.53522801209
11	3239	29.9	48.77671701449
11	3246	30	48.77671701449
11	3253	30.1	48.19626383016
11	3260	30.2	48.19626383016
11	3267	30.3	47.694437940884
11	3274	30.4	47.694437940884
11	3281	30.5	47.411263101248
11	3288	30.6	47.411263101248
11	3295	30.7	47.578305080082
11	3302	30.8	47.578305080082
11	3309	30.9	48.197068491987
11	3316	31	48.197068491987
11	3323	31.1	48.930636108557
11	3330	31.2	48.930636108557
10	102	10.1	132.73086
10	138	10.2	132.73086
10	151	10.3	132.73086
10	218	10.4	132.73086
10	328	10.5	132.73086
10	475	10.6	132.73086
10	596	10.7	132.73086
10	609	10.8	132.73086
10	622	10.9	132.73086
10	635	11	132.73086
10	648	11.1	132.73086
10	661	11.2	132.73086
10	674	11.3	132.73086
10	687	11.4	132.73086
10	700	11.5	132.73086
10	713	11.6	132.73086
10	726	11.7	132.73086
10	739	11.8	132.73086
10	752	11.9	132.73086
10	765	12	132.73086
10	778	12.1	132.73086
10	791	12.2	132.73086
10	804	12.3	132.73086
10	817	12.4	132.73086
10	830	12.5	132.73086
10	843	12.6	132.73086
10	856	12.7	132.73086
10	869	12.8	132.73086
10	882	12.9	132.73086
10	895	13	132.73086
10	908	13.1	132.73086
10	921	13.2	132.73086
10	934	13.3	132.73086
10	947	13.4	132.73086
10	960	13.5	132.73086
10	973	13.6	132.73086
10	986	13.7	132.73086
10	999	13.8	132.73086
10	1012	13.9	132.73086
10	1025	14	132.73086
10	1038	14.1	132.73086
10	1051	14.2	132.73086
10	1064	14.3	132.73086
10	1077	14.4	132.73086
10	1090	14.5	132.73086
10	1103	14.6	132.73086
10	1116	14.7	132.73086
10	1129	14.8	132.73086
10	1142	14.9	132.73086
10	1155	15	132.73086
10	1168	15.1	132.73086
10	1181	15.2	132.73086
10	1194	15.3	132.73086
10	1207	15.4	132.73086
10	1220	15.5	132.73086
10	1233	15.6	132.73086
10	1247	15.7	132.73086
10	1260	15.8	132.73086
10	1273	15.9	132.73086
10	1286	16	132.73086
10	1299	16.1	132.73086
10	1312	16.2	132.73086
10	1325	16.3	132.73086
10	1338	16.4	132.73086
10	1351	16.5	132.73086
10	1364	16.6	132.73086
10	1377	16.7	132.73086
10	1390	16.8	132.73086
10	1403	16.9	132.73086
10	1416	17	132.73086
10	1429	17.1	132.73086
10	1442	17.2	132.73086
10	1455	17.3	132.73086
10	1468	17.4	132.73086
10	1481	17.5	132.73086
10	1494	17.6	132.73086
10	1507	17.7	132.73086
10	1520	17.8	132.73086
10	1533	17.9	132.73086
10	1546	18	132.73086
10	1559	18.1	132.73086
10	1572	18.2	132.73086
10	1585	18.3	132.73086
10	1598	18.4	132.73086
10	1611	18.5	132.73086
10	1624	18.6	132.73086
10	1637	18.7	132.73086
10	1650	18.8	132.73086
10	1663	18.9	132.73086
10	1676	19	132.73086
10	1689	19.1	132.73086
10	1702	19.2	132.73086
10	1715	19.3	132.73086
10	1728	19.4	132.73086
10	1741	19.5	132.73086
10	1754	19.6	132.73086
10	1767	19.7	132.73086
10	1780	19.8	132.73086
10	1793	19.9	132.73086
10	1806	20	132.73086
10	1819	20.1	132.73086
10	1832	20.2	132.73086
10	1845	20.3	132.73086
10	1858	20.4	132.73086
10	1898	20.5	132.73086
10	1912	20.6	132.73086
10	1925	20.7	132.71888221268
10	1965	20.8	132.71888221268
10	2005	20.9	132.66499171601
10	2045	21	132.66499171601
10	2058	21.1	132.58276574061
10	2071	21.2	132.58276574061
10	2084	21.3	132.4781725661
10	2124	21.4	132.4781725661
10	2164	21.5	132.35409788636
10	2204	21.6	132.35409788636
10	2217	21.7	132.21479709747
10	2257	21.8	132.21479709747
10	2297	21.9	132.05841860279
10	2337	22	132.05841860279
10	2350	22.1	131.87505812494
10	2363	22.2	131.87505812494
10	2376	22.3	131.67517626485
10	2416	22.4	131.67517626485
10	2456	22.5	131.45796385991
10	2496	22.6	131.45796385991
10	2509	22.7	131.21301467605
10	2549	22.8	131.21301467605
10	2589	22.9	130.94428097867
10	2602	23	130.94428097867
10	2615	23.1	130.65987518744
10	2628	23.2	130.65987518744
10	2641	23.3	130.34911782688
10	2681	23.4	130.34911782688
10	2694	23.5	130.01639497075
10	2734	23.6	130.01639497075
10	2747	23.7	129.65837543205
10	2757	23.8	129.65837543205
10	2767	23.9	129.27727149896
10	2777	24	129.27727149896
10	2787	24.1	128.87625632027
10	2797	24.2	128.87625632027
10	2807	24.3	128.45788116067
10	2838	24.4	128.45788116067
10	2848	24.5	128.01091668125
10	2858	24.6	128.01091668125
10	2868	24.7	127.54812102225
10	2878	24.8	127.54812102225
10	2888	24.9	127.07002734493
10	2895	25	127.07002734493
10	2902	25.1	126.64245043264
10	2909	25.2	126.64245043264
10	2916	25.3	126.24778106782
10	2923	25.4	126.24778106782
10	2931	25.5	125.84203580977
10	2938	25.6	125.84203580977
10	2945	25.7	125.42215679164
10	2952	25.8	125.42215679164
10	2959	25.9	124.99048808306
10	2966	26	124.99048808306
10	2973	26.1	124.53673103779
10	2980	26.2	124.53673103779
10	2987	26.3	124.06229950142
10	2994	26.4	124.06229950142
10	3001	26.5	123.56911756779
10	3008	26.6	123.56911756779
10	3015	26.7	123.06488023685
10	3022	26.8	123.06488023685
10	3029	26.9	122.5401741954
10	3036	27	122.5401741954
10	3043	27.1	121.99598610946
10	3050	27.2	121.99598610946
10	3057	27.3	121.43072828485
10	3064	27.4	121.43072828485
10	3071	27.5	120.84776101504
10	3078	27.6	120.84776101504
10	3085	27.7	120.27644031415
10	3092	27.8	120.27644031415
10	3099	27.9	119.74335161326
10	3106	28	119.74335161326
10	3113	28.1	119.24849491238
10	3120	28.2	119.24849491238
10	3127	28.3	118.79187021149
10	3134	28.4	118.79187021149
10	3141	28.5	118.3734775106
10	3148	28.6	118.3734775106
10	3155	28.7	117.99331680971
10	3162	28.8	117.99331680971
10	3169	28.9	117.65138810883
10	3176	29	117.65138810883
10	3183	29.1	117.34769140794
10	3190	29.2	117.34769140794
10	3197	29.3	117.08222670705
10	3204	29.4	117.08222670705
10	3211	29.5	116.79467240616
10	3218	29.6	116.79467240616
10	3225	29.7	116.54512385856
10	3232	29.8	116.54512385856
10	3239	29.9	116.33380731096
10	3246	30	116.33380731096
10	3253	30.1	115.9573697605
10	3260	30.2	115.9573697605
10	3267	30.3	115.37546527188
10	3274	30.4	115.37546527188
10	3281	30.5	114.69065605352
10	3288	30.6	114.69065605352
10	3295	30.7	113.99686441191
10	3302	30.8	113.99686441191
10	3309	30.9	113.52227677271
10	3316	31	113.52227677271
10	3323	31.1	113.28132390595
10	3330	31.2	113.28132390595
27	151	10.3	0.973
27	218	10.4	0.973
27	328	10.5	0.973
27	475	10.6	0.973
27	596	10.7	0.973
27	609	10.8	0.973
27	622	10.9	0.973
27	635	11	0.973
27	648	11.1	0.973
27	661	11.2	0.973
27	674	11.3	0.973
27	687	11.4	0.973
27	700	11.5	0.973
27	713	11.6	0.973
27	726	11.7	0.973
27	739	11.8	0.973
27	752	11.9	0.973
27	765	12	0.973
27	778	12.1	0.973
27	791	12.2	0.973
27	804	12.3	0.973
27	817	12.4	0.973
27	830	12.5	0.973
27	843	12.6	0.973
27	856	12.7	0.973
27	869	12.8	0.973
27	882	12.9	0.973
27	895	13	0.973
27	908	13.1	0.973
27	921	13.2	0.973
27	934	13.3	0.973
27	947	13.4	0.973
27	960	13.5	0.973
27	973	13.6	0.973
27	986	13.7	0.973
27	999	13.8	0.973
27	1012	13.9	0.973
27	1025	14	0.973
27	1038	14.1	0.973
27	1051	14.2	0.973
27	1064	14.3	0.973
27	1077	14.4	0.973
27	1090	14.5	0.973
27	1103	14.6	0.973
27	1116	14.7	0.973
27	1129	14.8	0.973
27	1142	14.9	0.973
27	1155	15	0.973
27	1168	15.1	0.973
27	1181	15.2	0.973
27	1194	15.3	0.973
27	1207	15.4	0.973
27	1220	15.5	0.973
27	1233	15.6	0.973
27	1247	15.7	0.973
27	1260	15.8	0.973
27	1273	15.9	0.973
27	1286	16	0.973
27	1299	16.1	0.973
27	1312	16.2	0.973
27	1325	16.3	0.973
27	1338	16.4	0.973
27	1351	16.5	0.973
27	1364	16.6	0.973
27	1377	16.7	0.973
27	1390	16.8	0.973
27	1403	16.9	0.973
27	1416	17	0.973
27	1429	17.1	0.973
27	1442	17.2	0.973
27	1455	17.3	0.973
27	1468	17.4	0.973
27	1481	17.5	0.973
27	1494	17.6	0.973
27	1507	17.7	0.973
27	1520	17.8	0.973
27	1533	17.9	0.973
27	1546	18	0.973
27	1559	18.1	0.973
27	1572	18.2	0.973
27	1585	18.3	0.973
27	1598	18.4	0.973
27	1611	18.5	0.973
27	1624	18.6	0.973
27	1637	18.7	0.973
27	1650	18.8	0.973
27	1663	18.9	0.973
27	1676	19	0.973
27	1689	19.1	0.973
27	1702	19.2	0.973
27	1715	19.3	0.973
27	1728	19.4	0.973
27	1741	19.5	0.973
27	1754	19.6	0.973
27	1767	19.7	0.973
27	1780	19.8	0.973
27	1793	19.9	0.973
27	1806	20	0.973
27	1819	20.1	0.973
27	1832	20.2	0.973
27	1845	20.3	0.973
27	1858	20.4	0.973
27	1898	20.5	0.973
27	1912	20.6	0.973
27	1925	20.7	0.973
27	1965	20.8	0.973
27	2005	20.9	0.973
27	2045	21	0.973
27	2058	21.1	0.973
27	2071	21.2	0.973
27	2084	21.3	0.973
27	2124	21.4	0.973
27	2164	21.5	0.973
27	2204	21.6	0.973
27	2217	21.7	0.973
27	2257	21.8	0.973
27	2297	21.9	0.973
27	2337	22	0.973
27	2350	22.1	0.973
27	2363	22.2	0.973
27	2376	22.3	0.973
27	2416	22.4	0.973
27	2456	22.5	0.973
27	2496	22.6	0.973
27	2509	22.7	0.973
27	2549	22.8	0.973
27	2589	22.9	0.973
27	2602	23	0.973
27	2615	23.1	0.973
27	2628	23.2	0.973
27	2641	23.3	0.973
27	2681	23.4	0.973
27	2694	23.5	0.973
27	2734	23.6	0.973
27	2747	23.7	0.973
27	2757	23.8	0.973
27	2767	23.9	0.973
27	2777	24	0.973
27	2787	24.1	0.973
27	2797	24.2	0.973
27	2807	24.3	0.973
27	2838	24.4	0.973
27	2848	24.5	0.973
27	2858	24.6	0.973
27	2868	24.7	0.973
27	2878	24.8	0.973
27	2888	24.9	0.973
27	2895	25	0.973
27	2902	25.1	0.973
27	2909	25.2	0.973
27	2916	25.3	0.973
27	2923	25.4	0.973
27	2931	25.5	1.7867617892096
27	2938	25.6	1.1350977892096
27	2945	25.7	2.3064714809672
27	2952	25.8	1.1582159660033
27	2959	25.9	2.6236984548555
27	2966	26	1.1787587599108
27	2973	26.1	3.5713708026708
27	2980	26.2	1.2037242317144
27	2987	26.3	4.1026169046218
27	2994	26.4	1.2281324907858
27	3001	26.5	3.3212988595607
27	3008	26.6	1.2439085626541
27	3015	26.7	3.7547221856801
27	3022	26.8	1.2609389045608
27	3029	26.9	5.0598641717072
27	3036	27	1.2837628978116
27	3043	27.1	5.9592405595143
27	3050	27.2	1.3089204587482
27	3057	27.3	5.6064888623076
27	3064	27.4	1.3303302119516
27	3071	27.5	5.5770963400483
27	3078	27.6	1.3502076367485
27	3085	27.7	6.9140936487157
27	3092	27.8	1.3745280485728
27	3099	27.9	8.0634052403248
27	3106	28	1.4019345735188
27	3113	28.1	7.0387334807695
27	3120	28.2	1.4241008755019
27	3127	28.3	8.9640929964409
27	3134	28.4	1.4522978574671
27	3141	28.5	7.4360469841637
27	3148	28.6	1.4740576152297
27	3155	28.7	6.3977808668923
27	3162	28.8	1.491606102914
27	3169	28.9	7.2716128504807
27	3176	29	1.5117180703945
27	3183	29.1	11.067897548098
27	3190	29.2	1.5437649869736
27	3197	29.3	8.4401939787134
27	3204	29.4	1.566576326268
27	3211	29.5	9.8074945161992
27	3218	29.6	1.5932817476316
27	3225	29.7	7.3618047693825
27	3232	29.8	1.6118438449962
27	3239	29.9	10.322659305461
27	3246	30	1.6393536094282
27	3253	30.1	12.137484289084
27	3260	30.2	1.6719704777507
27	3267	30.3	11.482974436834
27	3274	30.4	1.7021757814072
27	3281	30.5	13.471986964014
27	3288	30.6	1.7379705504353
27	3295	30.7	10.304785060527
27	3302	30.8	1.7640003914153
27	3309	30.9	9.3785446241109
27	3316	31	1.7870757934854
27	3323	31.1	15.126239235505
27	3330	31.2	1.8269914362981
27	3337	31.3	10.215472410238
27	3341	31.4	1.852199388124
27	3345	31.5	11.466862944255
27	3349	31.6	1.880995971665
27	3353	31.7	12.395487702555
27	3357	31.8	1.9124186794554
27	3361	31.9	15.796974605774
27	3365	32	1.953735992871
27	3369	32.1	14.12684647544
27	3373	32.2	1.9900585322345
27	3377	32.3	11.662842495283
27	3381	32.4	2.0190319734425
27	3385	32.5	0.973
27	3389	32.6	1.9311106445303
27	3393	32.7	0.973
27	3397	32.8	1.8489833238189
27	3401	32.9	0.973
27	3405	33	1.772245946087
27	3409	33.1	0.973
27	3413	33.2	1.7004944461137
27	3417	33.3	0.973
27	3421	33.4	1.6333247586777
27	3425	33.5	0.973
27	3429	33.6	1.5703328185579
27	3433	33.7	0.973
27	3437	33.8	1.5111145605333
27	3441	33.9	0.973
27	3445	34	1.4552659193827
27	3449	34.1	4.2047303731579
27	3453	34.2	1.4654424146393
27	3457	34.3	0.973
27	3461	34.4	1.4120370150249
27	3465	34.5	0.973
27	3469	34.6	1.3612684438749
27	3473	34.7	0.973
27	3477	34.8	1.3127326359681
27	3481	34.9	0.973
27	3485	35	1.2875008720063
27	3489	35.1	0.973
27	3493	35.2	1.2846995234361
27	3497	35.3	2.6190500731212
27	3501	35.4	1.2924432669881
27	3505	35.5	0.973
27	3509	35.6	1.2866491944473
27	3513	35.7	1.4516093678342
27	3517	35.8	1.287630033522
27	3521	35.9	0.973
27	3525	36	1.2816347340822
26	151	10.3	-4.9500000000001
26	218	10.4	0
26	328	10.5	0
26	475	10.6	0
26	596	10.7	0
26	609	10.8	0
26	622	10.9	0
26	635	11	0
26	648	11.1	0
26	661	11.2	0
26	674	11.3	0
26	687	11.4	0
26	700	11.5	0
26	713	11.6	0
26	726	11.7	0
26	739	11.8	0
26	752	11.9	0
26	765	12	0
26	778	12.1	0
26	791	12.2	0
26	804	12.3	0
26	817	12.4	0
26	830	12.5	0
26	843	12.6	0
26	856	12.7	0
26	869	12.8	0
26	882	12.9	0
26	895	13	0
26	908	13.1	0
26	921	13.2	0
26	934	13.3	0
26	947	13.4	0
26	960	13.5	0
26	973	13.6	0
26	986	13.7	0
26	999	13.8	0
26	1012	13.9	0
26	1025	14	0
26	1038	14.1	0
26	1051	14.2	0
26	1064	14.3	0
26	1077	14.4	0
26	1090	14.5	0
26	1103	14.6	0
26	1116	14.7	0
26	1129	14.8	0
26	1142	14.9	0
26	1155	15	0
26	1168	15.1	0
26	1181	15.2	0
26	1194	15.3	0
26	1207	15.4	0
26	1220	15.5	0
26	1233	15.6	0
26	1247	15.7	0
26	1260	15.8	0
26	1273	15.9	0
26	1286	16	0
26	1299	16.1	0
26	1312	16.2	0
26	1325	16.3	0
26	1338	16.4	0
26	1351	16.5	0
26	1364	16.6	0
26	1377	16.7	0
26	1390	16.8	0
26	1403	16.9	0
26	1416	17	0
26	1429	17.1	0
26	1442	17.2	0
26	1455	17.3	0
26	1468	17.4	0
26	1481	17.5	0
26	1494	17.6	0
26	1507	17.7	0
26	1520	17.8	0
26	1533	17.9	0
26	1546	18	0
26	1559	18.1	0
26	1572	18.2	0
26	1585	18.3	0
26	1598	18.4	0
26	1611	18.5	0
26	1624	18.6	0
26	1637	18.7	0
26	1650	18.8	0
26	1663	18.9	0
26	1676	19	0
26	1689	19.1	0
26	1702	19.2	0
26	1715	19.3	0
26	1728	19.4	0
26	1741	19.5	0
26	1754	19.6	0
26	1767	19.7	0
26	1780	19.8	0
26	1793	19.9	0
26	1806	20	0
26	1819	20.1	0
26	1832	20.2	0
26	1845	20.3	0
26	1858	20.4	0
26	1898	20.5	0
26	1912	20.6	0
26	1925	20.7	0
26	1965	20.8	0
26	2005	20.9	0
26	2045	21	0
26	2058	21.1	0
26	2071	21.2	0
26	2084	21.3	0
26	2124	21.4	0
26	2164	21.5	0
26	2204	21.6	0
26	2217	21.7	0
26	2257	21.8	0
26	2297	21.9	0
26	2337	22	0
26	2350	22.1	0
26	2363	22.2	0
26	2376	22.3	0
26	2416	22.4	0
26	2456	22.5	0
26	2496	22.6	0
26	2509	22.7	0
26	2549	22.8	0
26	2589	22.9	0
26	2602	23	0
26	2615	23.1	0
26	2628	23.2	0
26	2641	23.3	0
26	2681	23.4	0
26	2694	23.5	0
26	2734	23.6	0
26	2747	23.7	0
26	2757	23.8	0
26	2767	23.9	0
26	2777	24	0
26	2787	24.1	0
26	2797	24.2	0
26	2807	24.3	0
26	2838	24.4	0
26	2848	24.5	0
26	2858	24.6	0
26	2868	24.7	0
26	2878	24.8	0
26	2888	24.9	0
26	2895	25	0
26	2902	25.1	0
26	2909	25.2	0
26	2916	25.3	0
26	2923	25.4	0
26	2931	25.5	5.2
26	2938	25.6	0
26	2945	25.7	4.7760054943338
26	2952	25.8	0
26	2959	25.9	4.2226527857123
26	2966	26	0
26	2973	26.1	5.0925973092147
26	2980	26.2	0
26	2987	26.3	4.9252797867425
26	2994	26.4	0
26	3001	26.5	3.1498093176633
26	3008	26.6	0
26	3015	26.7	3.3669212061912
26	3022	26.8	0
26	3029	26.9	4.453006511461
26	3036	27	0
26	3043	27.1	4.8228799843695
26	3050	27.2	0
26	3057	27.3	4.0290884779766
26	3064	27.4	0
26	3071	27.5	3.6758447813336
26	3078	27.6	0
26	3085	27.7	4.4098279978149
26	3092	27.8	0
26	3099	27.9	4.8513924722094
26	3106	28	0
26	3113	28.1	3.8313612213824
26	3120	28.2	0
26	3127	28.3	4.7542464881204
26	3134	28.4	0
26	3141	28.5	3.578088250244
26	3148	28.6	0
26	3155	28.7	2.8287090573926
26	3162	28.8	0
26	3169	28.9	3.1803837955464
26	3176	29	0
26	3183	29.1	4.9347900316585
26	3190	29.2	0
26	3197	29.3	3.415771726286
26	3204	29.4	0
26	3211	29.5	3.8998241260648
26	3218	29.6	0
26	3225	29.7	2.6495589555707
26	3232	29.8	0
26	3239	29.9	3.8376778698992
26	3246	30	0
26	3253	30.1	4.417492417898
26	3260	30.2	0
26	3267	30.3	3.9682833816391
26	3274	30.4	0
26	3281	30.5	4.5576392468065
26	3288	30.6	0
26	3295	30.7	3.2202754325699
26	3302	30.8	0
26	3309	30.9	2.7915286392905
26	3316	31	0
26	3323	31.1	4.6950391484424
26	3330	31.2	0
26	3337	31.3	2.8818310643546
26	3341	31.4	0
26	3345	31.5	3.2171627270058
26	3349	31.6	0
26	3353	31.7	3.4234804272186
26	3357	31.8	0
26	3361	31.9	4.3704853802454
26	3365	32	0
26	3369	32.1	3.7260998678394
26	3373	32.2	0
26	3377	32.3	2.8985705249418
26	3381	32.4	0
26	3385	32.5	-9
26	3389	32.6	0
26	3393	32.7	-9
26	3397	32.8	0
26	3401	32.9	-9
26	3405	33	0
26	3409	33.1	-9
26	3413	33.2	0
26	3417	33.3	-9
26	3421	33.4	0
26	3425	33.5	-9
26	3429	33.6	0
26	3433	33.7	-9
26	3437	33.8	0
26	3441	33.9	-9
26	3445	34	0
26	3449	34.1	1.6781407015521
26	3453	34.2	0
26	3457	34.3	-9
26	3461	34.4	0
26	3465	34.5	-9
26	3469	34.6	0
26	3473	34.7	-9
26	3477	34.8	0
26	3481	34.9	-4.8230498446935
26	3485	35	0
26	3489	35.1	-0.54121979540214
26	3493	35.2	0
26	3497	35.3	1.4933450361248
26	3501	35.4	0
26	3505	35.5	-1.1165507808793
26	3509	35.6	0
26	3513	35.7	0.18935250747018
26	3517	35.8	0
26	3521	35.9	-1.1595375674311
26	3525	36	0
19	138	10.2	0.49500000000001
19	151	10.3	0
19	218	10.4	0
19	328	10.5	0
19	475	10.6	0
19	596	10.7	0
19	609	10.8	0
19	622	10.9	0
19	635	11	0
19	648	11.1	0
19	661	11.2	0
19	674	11.3	0
19	687	11.4	0
19	700	11.5	0
19	713	11.6	0
19	726	11.7	0
19	739	11.8	0
19	752	11.9	0
19	765	12	0
19	778	12.1	0
19	791	12.2	0
19	804	12.3	0
19	817	12.4	0
19	830	12.5	0
19	843	12.6	0
19	856	12.7	0
19	869	12.8	0
19	882	12.9	0
19	895	13	0
19	908	13.1	0
19	921	13.2	0
19	934	13.3	0
19	947	13.4	0
19	960	13.5	0
19	973	13.6	0
19	986	13.7	0
19	999	13.8	0
19	1012	13.9	0
19	1025	14	0
19	1038	14.1	0
19	1051	14.2	0
19	1064	14.3	0
19	1077	14.4	0
19	1090	14.5	0
19	1103	14.6	0
19	1116	14.7	0
19	1129	14.8	0
19	1142	14.9	0
19	1155	15	0
19	1168	15.1	0
19	1181	15.2	0
19	1194	15.3	0
19	1207	15.4	0
19	1220	15.5	0
19	1233	15.6	0
19	1247	15.7	0
19	1260	15.8	0
19	1273	15.9	0
19	1286	16	0
19	1299	16.1	0
19	1312	16.2	0
19	1325	16.3	0
19	1338	16.4	0
19	1351	16.5	0
19	1364	16.6	0
19	1377	16.7	0
19	1390	16.8	0
19	1403	16.9	0
19	1416	17	0
19	1429	17.1	0
19	1442	17.2	0
19	1455	17.3	0
19	1468	17.4	0
19	1481	17.5	0
19	1494	17.6	0
19	1507	17.7	0
19	1520	17.8	0
19	1533	17.9	0
19	1546	18	0
19	1559	18.1	0
19	1572	18.2	0
19	1585	18.3	0
19	1598	18.4	0
19	1611	18.5	0
19	1624	18.6	0
19	1637	18.7	0
19	1650	18.8	0
19	1663	18.9	0
19	1676	19	0
19	1689	19.1	0
19	1702	19.2	0
19	1715	19.3	0
19	1728	19.4	0
19	1741	19.5	0
19	1754	19.6	0
19	1767	19.7	0
19	1780	19.8	0
19	1793	19.9	0
19	1806	20	0
19	1819	20.1	0
19	1832	20.2	0
19	1845	20.3	0
19	1858	20.4	0
19	1898	20.5	0
19	1912	20.6	0
19	1925	20.7	0
19	1965	20.8	0
19	2005	20.9	0
19	2045	21	0
19	2058	21.1	0
19	2071	21.2	0
19	2084	21.3	0
19	2124	21.4	0
19	2164	21.5	0
19	2204	21.6	0
19	2217	21.7	0
19	2257	21.8	0
19	2297	21.9	0
19	2337	22	0
19	2350	22.1	0
19	2363	22.2	0
19	2376	22.3	0
19	2416	22.4	0
19	2456	22.5	0
19	2496	22.6	0
19	2509	22.7	0
19	2549	22.8	0
19	2589	22.9	0
19	2602	23	0
19	2615	23.1	0
19	2628	23.2	0
19	2641	23.3	0
19	2681	23.4	0
19	2694	23.5	0
19	2734	23.6	0
19	2747	23.7	0
19	2757	23.8	0
19	2767	23.9	0
19	2777	24	0
19	2787	24.1	0
19	2797	24.2	0
19	2807	24.3	0
19	2838	24.4	0
19	2848	24.5	0
19	2858	24.6	0
19	2868	24.7	0
19	2878	24.8	0
19	2888	24.9	0
19	2895	25	0
19	2902	25.1	0
19	2909	25.2	0
19	2916	25.3	0
19	2923	25.4	0
19	2931	25.5	0.52
19	2938	25.6	0.52
19	2945	25.7	0.99760054943338
19	2952	25.8	0.99760054943338
19	2959	25.9	1.4198658280046
19	2966	26	1.4198658280046
19	2973	26.1	1.9291255589261
19	2980	26.2	1.9291255589261
19	2987	26.3	2.4216535376003
19	2994	26.4	2.4216535376003
19	3001	26.5	2.7366344693667
19	3008	26.6	2.7366344693667
19	3015	26.7	3.0733265899858
19	3022	26.8	3.0733265899858
19	3029	26.9	3.5186272411319
19	3036	27	3.5186272411319
19	3043	27.1	4.0009152395688
19	3050	27.2	4.0009152395688
19	3057	27.3	4.4038240873665
19	3064	27.4	4.4038240873665
19	3071	27.5	4.7714085654998
19	3078	27.6	4.7714085654998
19	3085	27.7	5.2123913652813
19	3092	27.8	5.2123913652813
19	3099	27.9	5.6975306125023
19	3106	28	5.6975306125023
19	3113	28.1	6.0806667346405
19	3120	28.2	6.0806667346405
19	3127	28.3	6.5560913834525
19	3134	28.4	6.5560913834525
19	3141	28.5	6.913900208477
19	3148	28.6	6.913900208477
19	3155	28.7	7.1967711142162
19	3162	28.8	7.1967711142162
19	3169	28.9	7.5148094937708
19	3176	29	7.5148094937708
19	3183	29.1	8.0082884969367
19	3190	29.2	8.0082884969367
19	3197	29.3	8.3498656695653
19	3204	29.4	8.3498656695653
19	3211	29.5	8.7398480821718
19	3218	29.6	8.7398480821718
19	3225	29.7	9.0048039777288
19	3232	29.8	9.0048039777288
19	3239	29.9	9.3885717647188
19	3246	30	9.3885717647188
19	3253	30.1	9.8303210065086
19	3260	30.2	9.8303210065086
19	3267	30.3	10.227149344672
19	3274	30.4	10.227149344672
19	3281	30.5	10.682913269353
19	3288	30.6	10.682913269353
19	3295	30.7	11.00494081261
19	3302	30.8	11.00494081261
19	3309	30.9	11.284093676539
19	3316	31	11.284093676539
19	3323	31.1	11.753597591383
19	3330	31.2	11.753597591383
19	3337	31.3	12.041780697819
19	3341	31.4	12.041780697819
19	3345	31.5	12.363496970519
19	3349	31.6	12.363496970519
19	3353	31.7	12.705845013241
19	3357	31.8	12.705845013241
19	3361	31.9	13.142893551266
19	3365	32	13.142893551266
19	3369	32.1	13.51550353805
19	3373	32.2	13.51550353805
19	3377	32.3	13.805360590544
19	3381	32.4	13.805360590544
19	3385	32.5	12.905360590544
19	3389	32.6	12.905360590544
19	3393	32.7	12.005360590544
19	3397	32.8	12.005360590544
19	3401	32.9	11.105360590544
19	3405	33	11.105360590544
19	3409	33.1	10.205360590544
19	3413	33.2	10.205360590544
19	3417	33.3	9.3053605905439
19	3421	33.4	9.3053605905439
19	3425	33.5	8.4053605905439
19	3429	33.6	8.4053605905439
19	3433	33.7	7.5053605905439
19	3437	33.8	7.5053605905439
19	3441	33.9	6.6053605905439
19	3445	34	6.6053605905439
19	3449	34.1	6.7731746606992
19	3453	34.2	6.7731746606992
19	3457	34.3	5.8731746606992
19	3461	34.4	5.8731746606992
19	3465	34.5	4.9731746606992
19	3469	34.6	4.9731746606992
19	3473	34.7	4.0731746606992
19	3477	34.8	4.0731746606992
19	3481	34.9	3.5908696762298
19	3485	35	3.5908696762298
19	3489	35.1	3.5367476966896
19	3493	35.2	3.5367476966896
19	3497	35.3	3.6860822003021
19	3501	35.4	3.6860822003021
19	3505	35.5	3.5744271222141
19	3509	35.6	3.5744271222141
19	3513	35.7	3.5933623729612
19	3517	35.8	3.5933623729612
19	3521	35.9	3.477408616218
19	3525	36	3.477408616218
15	102	10.1	101.642
15	138	10.2	101.642
15	151	10.3	101.642
15	218	10.4	101.642
15	328	10.5	101.642
15	475	10.6	101.642
15	596	10.7	101.642
15	609	10.8	101.642
15	622	10.9	101.642
15	635	11	101.642
15	648	11.1	101.642
15	661	11.2	101.642
15	674	11.3	101.642
15	687	11.4	101.642
15	700	11.5	101.642
15	713	11.6	101.642
15	726	11.7	101.642
15	739	11.8	101.642
15	752	11.9	101.642
15	765	12	101.642
15	778	12.1	101.642
15	791	12.2	101.642
15	804	12.3	101.642
15	817	12.4	101.642
15	830	12.5	101.642
15	843	12.6	101.642
15	856	12.7	101.642
15	869	12.8	101.642
15	882	12.9	101.642
15	895	13	101.642
15	908	13.1	101.642
15	921	13.2	101.642
15	934	13.3	101.642
15	947	13.4	101.642
15	960	13.5	101.642
15	973	13.6	101.642
15	986	13.7	101.642
15	999	13.8	101.642
15	1012	13.9	101.642
15	1025	14	101.642
15	1038	14.1	101.642
15	1051	14.2	101.642
15	1064	14.3	101.642
15	1077	14.4	101.642
15	1090	14.5	101.642
15	1103	14.6	101.642
15	1116	14.7	101.642
15	1129	14.8	101.642
15	1142	14.9	101.642
15	1155	15	101.642
15	1168	15.1	101.642
15	1181	15.2	101.642
15	1194	15.3	101.642
15	1207	15.4	101.642
15	1220	15.5	101.642
15	1233	15.6	101.642
15	1247	15.7	101.642
15	1260	15.8	101.642
15	1273	15.9	101.642
15	1286	16	101.642
15	1299	16.1	101.642
15	1312	16.2	101.642
15	1325	16.3	101.642
15	1338	16.4	101.642
15	1351	16.5	101.642
15	1364	16.6	101.642
15	1377	16.7	101.642
15	1390	16.8	101.642
15	1403	16.9	101.642
15	1416	17	101.642
15	1429	17.1	101.642
15	1442	17.2	101.642
15	1455	17.3	101.642
15	1468	17.4	101.642
15	1481	17.5	101.642
15	1494	17.6	101.642
15	1507	17.7	101.642
15	1520	17.8	101.642
15	1533	17.9	101.642
15	1546	18	101.642
15	1559	18.1	101.642
15	1572	18.2	101.642
15	1585	18.3	101.642
15	1598	18.4	101.642
15	1611	18.5	101.642
15	1624	18.6	101.642
15	1637	18.7	101.642
15	1650	18.8	101.642
15	1663	18.9	101.642
15	1676	19	101.642
15	1689	19.1	101.642
15	1702	19.2	101.642
15	1715	19.3	101.642
15	1728	19.4	101.642
15	1741	19.5	101.642
15	1754	19.6	101.642
15	1767	19.7	101.642
15	1780	19.8	101.642
15	1793	19.9	101.642
15	1806	20	101.642
15	1819	20.1	101.642
15	1832	20.2	101.642
15	1845	20.3	101.642
15	1858	20.4	101.642
15	1898	20.5	101.642
15	1912	20.6	101.642
15	1925	20.7	101.642
15	1965	20.8	101.642
15	2005	20.9	101.642
15	2045	21	101.642
15	2058	21.1	101.642
15	2071	21.2	101.642
15	2084	21.3	101.642
15	2124	21.4	101.642
15	2164	21.5	101.642
15	2204	21.6	101.642
15	2217	21.7	101.642
15	2257	21.8	101.642
15	2297	21.9	101.642
15	2337	22	101.642
15	2350	22.1	101.642
15	2363	22.2	101.642
15	2376	22.3	101.642
15	2416	22.4	101.642
15	2456	22.5	101.642
15	2496	22.6	101.642
15	2509	22.7	101.642
15	2549	22.8	101.642
15	2589	22.9	101.642
15	2602	23	101.642
15	2615	23.1	101.642
15	2628	23.2	101.642
15	2641	23.3	101.642
15	2681	23.4	101.642
15	2694	23.5	101.642
15	2734	23.6	101.642
15	2747	23.7	101.642
15	2757	23.8	101.642
15	2767	23.9	101.642
15	2777	24	101.642
15	2787	24.1	101.642
15	2797	24.2	101.642
15	2807	24.3	101.642
15	2838	24.4	101.642
15	2848	24.5	101.642
15	2858	24.6	101.642
15	2868	24.7	101.642
15	2878	24.8	101.642
15	2888	24.9	101.642
15	2895	25	101.642
15	2902	25.1	101.642
15	2909	25.2	101.642
15	2916	25.3	101.642
15	2923	25.4	101.642
15	2931	25.5	101.59893502953
15	2938	25.6	101.59893502953
15	2945	25.7	101.54581427333
15	2952	25.8	101.54581427333
15	2959	25.9	101.47020851457
15	2966	26	101.47020851457
15	2973	26.1	101.36748542711
15	2980	26.2	101.36748542711
15	2987	26.3	101.23853595205
15	2994	26.4	101.23853595205
15	3001	26.5	101.09281420747
15	3008	26.6	101.09281420747
15	3015	26.7	100.92916410463
15	3022	26.8	100.92916410463
15	3029	26.9	100.74180239965
15	3036	27	100.74180239965
15	3043	27.1	100.5287595709
15	3050	27.2	100.5287595709
15	3057	27.3	100.29426244094
15	3064	27.4	100.29426244094
15	3071	27.5	100.0401919803
15	3078	27.6	100.0401919803
15	3085	27.7	99.762639836724
15	3092	27.8	99.762639836724
15	3099	27.9	99.459254744591
15	3106	28	99.459254744591
15	3113	28.1	99.135468219693
15	3120	28.2	99.135468219693
15	3127	28.3	98.786366034259
15	3134	28.4	98.786366034259
15	3141	28.5	98.418211057234
15	3148	28.6	98.418211057234
15	3155	28.7	98.034993622165
15	3162	28.8	98.034993622165
15	3169	28.9	97.634841113001
15	3176	29	97.634841113001
15	3183	29.1	97.20841157559
15	3190	29.2	97.20841157559
15	3197	29.3	96.76379355811
15	3204	29.4	96.76379355811
15	3211	29.5	96.298409553008
15	3218	29.6	96.298409553008
15	3225	29.7	95.818917037701
15	3232	29.8	95.818917037701
15	3239	29.9	95.109692180132
15	3246	30	95.109692180132
15	3253	30.1	94.326018989493
15	3260	30.2	94.326018989493
15	3267	30.3	93.510710643736
15	3274	30.4	93.510710643736
15	3281	30.5	92.659068797903
15	3288	30.6	92.659068797903
15	3295	30.7	91.781754916322
15	3302	30.8	91.781754916322
15	3309	30.9	90.882186968428
15	3316	31	90.882186968428
15	3323	31.1	89.945190168443
15	3330	31.2	89.945190168443
15	3337	31.3	88.985219411213
15	3341	31.4	88.985219411213
15	3345	31.5	87.999601432723
15	3349	31.6	87.999601432723
15	3353	31.7	86.986691468267
15	3357	31.8	86.986691468267
15	3361	31.9	85.938939994361
15	3365	32	85.938939994361
15	3369	32.1	84.861484052307
15	3373	32.2	84.861484052307
15	3377	32.3	83.760920706029
15	3381	32.4	83.760920706029
15	3385	32.5	82.732105359751
15	3389	32.6	82.732105359751
15	3393	32.7	81.775038013473
15	3397	32.8	81.775038013473
15	3401	32.9	80.889718667195
15	3405	33	80.889718667195
15	3409	33.1	80.076147320916
15	3413	33.2	80.076147320916
15	3417	33.3	79.334323974638
15	3421	33.4	79.334323974638
15	3425	33.5	78.66424862836
15	3429	33.6	78.66424862836
15	3433	33.7	78.065921282082
15	3437	33.8	78.065921282082
15	3441	33.9	77.539341935804
15	3445	34	77.539341935804
15	3449	34.1	76.999384451853
15	3453	34.2	76.999384451853
15	3457	34.3	76.531174967902
15	3461	34.4	76.531174967902
15	3465	34.5	76.134713483951
15	3469	34.6	76.134713483951
15	3473	34.7	75.81
15	3477	34.8	75.81
15	3481	34.9	75.27512276792
15	3485	35	75.27512276792
15	3489	35.1	74.748307263839
15	3493	35.2	74.748307263839
15	3497	35.3	74.029868972122
15	3501	35.4	74.029868972122
15	3505	35.5	73.453588224026
15	3509	35.6	73.453588224026
15	3513	35.7	73.067562369916
15	3517	35.8	73.067562369916
15	3521	35.9	72.83595429799
15	3525	36	72.83595429799
14	102	10.1	117.9175
14	138	10.2	117.9175
14	151	10.3	117.9175
14	218	10.4	117.9175
14	328	10.5	117.9175
14	475	10.6	117.9175
14	596	10.7	117.9175
14	609	10.8	117.9175
14	622	10.9	117.9175
14	635	11	117.9175
14	648	11.1	117.9175
14	661	11.2	117.9175
14	674	11.3	117.9175
14	687	11.4	117.9175
14	700	11.5	117.9175
14	713	11.6	117.9175
14	726	11.7	117.9175
14	739	11.8	117.9175
14	752	11.9	117.9175
14	765	12	117.9175
14	778	12.1	117.9175
14	791	12.2	117.9175
14	804	12.3	117.9175
14	817	12.4	117.9175
14	830	12.5	117.9175
14	843	12.6	117.9175
14	856	12.7	117.9175
14	869	12.8	117.9175
14	882	12.9	117.9175
14	895	13	117.9175
14	908	13.1	117.9175
14	921	13.2	117.9175
14	934	13.3	117.9175
14	947	13.4	117.9175
14	960	13.5	117.9175
14	973	13.6	117.9175
14	986	13.7	117.9175
14	999	13.8	117.9175
14	1012	13.9	117.9175
14	1025	14	117.9175
14	1038	14.1	117.9175
14	1051	14.2	117.9175
14	1064	14.3	117.9175
14	1077	14.4	117.9175
14	1090	14.5	117.9175
14	1103	14.6	117.9175
14	1116	14.7	117.9175
14	1129	14.8	117.9175
14	1142	14.9	117.9175
14	1155	15	117.9175
14	1168	15.1	117.9175
14	1181	15.2	117.9175
14	1194	15.3	117.9175
14	1207	15.4	117.9175
14	1220	15.5	117.9175
14	1233	15.6	117.9175
14	1247	15.7	117.9175
14	1260	15.8	117.9175
14	1273	15.9	117.9175
14	1286	16	117.9175
14	1299	16.1	117.9175
14	1312	16.2	117.9175
14	1325	16.3	117.9175
14	1338	16.4	117.9175
14	1351	16.5	117.9175
14	1364	16.6	117.9175
14	1377	16.7	117.9175
14	1390	16.8	117.9175
14	1403	16.9	117.9175
14	1416	17	117.9175
14	1429	17.1	117.9175
14	1442	17.2	117.9175
14	1455	17.3	117.9175
14	1468	17.4	117.9175
14	1481	17.5	117.9175
14	1494	17.6	117.9175
14	1507	17.7	117.9175
14	1520	17.8	117.9175
14	1533	17.9	117.9175
14	1546	18	117.9175
14	1559	18.1	117.9175
14	1572	18.2	117.9175
14	1585	18.3	117.9175
14	1598	18.4	117.9175
14	1611	18.5	117.9175
14	1624	18.6	117.9175
14	1637	18.7	117.9175
14	1650	18.8	117.9175
14	1663	18.9	117.9175
14	1676	19	117.9175
14	1689	19.1	117.9175
14	1702	19.2	117.9175
14	1715	19.3	117.9175
14	1728	19.4	117.9175
14	1741	19.5	117.9175
14	1754	19.6	117.9175
14	1767	19.7	117.9175
14	1780	19.8	117.9175
14	1793	19.9	117.9175
14	1806	20	117.9175
14	1819	20.1	117.9175
14	1832	20.2	117.9175
14	1845	20.3	117.9175
14	1858	20.4	117.9175
14	1898	20.5	117.9175
14	1912	20.6	117.9175
14	1925	20.7	117.9175
14	1965	20.8	117.9175
14	2005	20.9	117.9175
14	2045	21	117.9175
14	2058	21.1	117.9175
14	2071	21.2	117.9175
14	2084	21.3	117.9175
14	2124	21.4	117.9175
14	2164	21.5	117.9175
14	2204	21.6	117.9175
14	2217	21.7	117.9175
14	2257	21.8	117.9175
14	2297	21.9	117.9175
14	2337	22	117.9175
14	2350	22.1	117.9175
14	2363	22.2	117.9175
14	2376	22.3	117.9175
14	2416	22.4	117.9175
14	2456	22.5	117.9175
14	2496	22.6	117.9175
14	2509	22.7	117.9175
14	2549	22.8	117.9175
14	2589	22.9	117.9175
14	2602	23	117.9175
14	2615	23.1	117.9175
14	2628	23.2	117.9175
14	2641	23.3	117.9175
14	2681	23.4	117.9175
14	2694	23.5	117.9175
14	2734	23.6	117.9175
14	2747	23.7	117.9175
14	2757	23.8	117.9175
14	2767	23.9	117.9175
14	2777	24	117.9175
14	2787	24.1	117.9175
14	2797	24.2	117.9175
14	2807	24.3	117.9175
14	2838	24.4	117.9175
14	2848	24.5	117.9175
14	2858	24.6	117.9175
14	2868	24.7	117.9175
14	2878	24.8	117.9175
14	2888	24.9	117.9175
14	2895	25	117.9175
14	2902	25.1	117.9175
14	2909	25.2	117.9175
14	2916	25.3	117.9175
14	2923	25.4	117.9175
14	2931	25.5	118.0638564289
14	2938	25.6	118.0638564289
14	2945	25.7	118.25621520817
14	2952	25.8	118.25621520817
14	2959	25.9	118.52999578854
14	2966	26	118.52999578854
14	2973	26.1	118.90197256601
14	2980	26.2	118.90197256601
14	2987	26.3	119.36891929993
14	2994	26.4	119.36891929993
14	3001	26.5	119.8966011122
14	3008	26.6	119.8966011122
14	3015	26.7	120.48920438562
14	3022	26.8	120.48920438562
14	3029	26.9	121.16767117396
14	3036	27	121.16767117396
14	3043	27.1	121.93913343096
14	3050	27.2	121.93913343096
14	3057	27.3	122.78828515412
14	3064	27.4	122.78828515412
14	3071	27.5	123.70831504744
14	3078	27.6	123.70831504744
14	3085	27.7	124.71337588135
14	3092	27.8	124.71337588135
14	3099	27.9	125.81198196583
14	3106	28	125.81198196583
14	3113	28.1	126.98446491094
14	3120	28.2	126.98446491094
14	3127	28.3	128.24861992372
14	3134	28.4	128.24861992372
14	3141	28.5	129.58176815111
14	3148	28.6	129.58176815111
14	3155	28.7	130.96945995523
14	3162	28.8	130.96945995523
14	3169	28.9	132.4184763792
14	3176	29	132.4184763792
14	3183	29.1	133.96264613754
14	3190	29.2	133.96264613754
14	3197	29.3	135.57267929981
14	3204	29.4	135.57267929981
14	3211	29.5	137.25790943433
14	3218	29.6	137.25790943433
14	3225	29.7	138.99422874744
14	3232	29.8	138.99422874744
14	3239	29.9	141.71299450991
14	3246	30	141.71299450991
14	3253	30.1	144.73798089003
14	3260	30.2	144.73798089003
14	3267	30.3	147.88507928637
14	3274	30.4	147.88507928637
14	3281	30.5	151.17242535762
14	3288	30.6	151.17242535762
14	3295	30.7	154.55886574447
14	3302	30.8	154.55886574447
14	3309	30.9	158.03120705062
14	3316	31	158.03120705062
14	3323	31.1	161.64802410144
14	3330	31.2	161.64802410144
14	3337	31.3	165.35352085777
14	3341	31.4	165.35352085777
14	3345	31.5	169.15801614554
14	3349	31.6	169.15801614554
14	3353	31.7	173.06785877301
14	3357	31.8	173.06785877301
14	3361	31.9	177.11218997661
14	3365	32	177.11218997661
14	3369	32.1	181.27118072534
14	3373	32.2	181.27118072534
14	3377	32.3	185.51936628626
14	3381	32.4	185.51936628626
14	3385	32.5	189.49060384718
14	3389	32.6	189.49060384718
14	3393	32.7	193.18489340811
14	3397	32.8	193.18489340811
14	3401	32.9	196.60223496903
14	3405	33	196.60223496903
14	3409	33.1	199.74262852995
14	3413	33.2	199.74262852995
14	3417	33.3	202.60607409087
14	3421	33.4	202.60607409087
14	3425	33.5	205.19257165179
14	3429	33.6	205.19257165179
14	3433	33.7	207.50212121272
14	3437	33.8	207.50212121272
14	3441	33.9	209.53472277364
14	3445	34	209.53472277364
14	3449	34.1	211.61896408023
14	3453	34.2	211.61896408023
14	3457	34.3	213.42625738682
14	3461	34.4	213.42625738682
14	3465	34.5	214.95660269341
14	3469	34.6	214.95660269341
14	3473	34.7	216.21
14	3477	34.8	216.21
14	3481	34.9	216.68988985308
14	3485	35	216.68988985308
14	3489	35.1	217.16254675394
14	3493	35.2	217.16254675394
14	3497	35.3	217.32332374466
14	3501	35.4	217.32332374466
14	3505	35.5	217.00211500325
14	3509	35.6	217.00211500325
14	3513	35.7	216.42309338143
14	3517	35.8	216.42309338143
14	3521	35.9	215.76687051097
14	3525	36	215.76687051097

